Curtis et al. (2005), referenced by Warren and Brandt (2008) for wavels 26 - 200 microns
freq (cm -1), k
52.069 0.0402
63.643 0.0518
82.934 0.0620
98.366 0.071
106.082 0.0645
109.940 0.0731
113.798 0.0836
117.656 0.0987
121.514 0.113
125.372 0.126
129.230 0.152
133.088 0.176
136.946 0.205
140.805 0.237
144.663 0.298
148.521 0.351 #67.60
148.521 0.351 #66.55
152.379 0.410
156.237 0.425 #64.67
156.237 0.425 #63.78
160.095 0.425
163.953 0.386 #61.25
163.953 0.386 #61.00
167.811 0.346 #60.00
167.811 0.346 #58.40
171.669 0.291
175.527 0.270 #57.46
175.527 0.270 #57.00
175.527 0.270 #56.40
179.385 0.301
183.243 0.370 #55.00
183.243 0.370 #54.24
187.101 0.401
190.959 0.431
194.817 0.462
198.675 0.492
206.391 0.603
210.249 0.661 #48.00
210.249 0.661 #47.36
214.108 0.772
217.966 0.942 #46.15
217.966 0.942 #45.5
225.682 1.12
229.540 0.846
233.398 0.672
244.972 0.463
252.688 0.394
260.404 0.340
271.978 0.249
279.694 0.184
298.985 0.100
318.275 0.0357
322.133 0.0337
349.139 0.0303
383.862 0.0207
399.294 0.0162
407.010 0.0144
422.442 0.0121
434.017 0.0116
441.733 0.0114
449.449 0.0114
480.313 0.0118
488.029 0.0123
499.603 0.0130
511.178 0.0134
518.894 0.0141
530.468 0.0205
538.184 0.0283
545.900 0.0336
549.758 0.0405
580.623 0.0495
588.339 0.0513
599.913 0.0558
611.487 0.0606
619.203 0.0658
638.493 0.0770
650.067 0.0879
