Warren and Brandt (2008), extrapolations at 266 K from 26 - 200 microns 
wavel (microns), k
1.53800e+01 1.52000e-01 #650.067
1.56300e+01 1.42000e-01 #638.493
1.61300e+01 1.28000e-01 #619.203
1.63900e+01 1.25000e-01
1.66700e+01 1.23000e-01
1.69500e+01 1.16000e-01
1.72400e+01 1.07000e-01
1.81800e+01 7.90000e-02
1.83200e+01 7.75200e-02
1.86100e+01 7.45500e-02
1.88700e+01 7.20000e-02
1.92300e+01 7.60000e-02
1.96100e+01 7.50000e-02
2.00000e+01 6.70000e-02
2.04100e+01 5.50000e-02
2.08300e+01 4.50000e-02
2.22200e+01 2.90000e-02
2.26000e+01 2.75000e-02
2.30500e+01 2.70000e-02
2.36000e+01 2.73000e-02
2.46000e+01 2.89000e-02
2.50000e+01 3.00000e-02
2.60000e+01 3.40000e-02
2.85700e+01 5.12200e-02
3.10000e+01 8.61500e-02
3.33300e+01 1.34800e-01
3.44800e+01 1.61500e-01
3.56400e+01 1.89500e-01
3.70000e+01 2.22700e-01
3.82400e+01 2.52800e-01
3.96000e+01 2.85300e-01
4.11400e+01 3.24000e-01
4.27600e+01 3.94500e-01
4.35800e+01 4.52100e-01
4.45800e+01 5.53500e-01
4.55000e+01 6.78200e-01
4.61500e+01 7.68400e-01
4.67100e+01 8.25400e-01
4.73600e+01 8.45800e-01
4.80000e+01 8.15800e-01
4.87800e+01 7.41400e-01
5.00300e+01 6.19100e-01
5.12800e+01 5.35300e-01
5.27500e+01 4.78000e-01
5.35000e+01 4.59900e-01
5.42400e+01 4.46800e-01
5.50000e+01 4.21400e-01
5.57400e+01 3.86000e-01
5.64000e+01 3.50800e-01
5.70000e+01 3.19600e-01
5.74600e+01 2.98100e-01
5.84000e+01 2.65900e-01
5.92900e+01 2.56900e-01
6.00000e+01 2.78500e-01
6.10000e+01 3.07600e-01
6.12500e+01 3.14600e-01
6.25000e+01 3.47100e-01
6.37800e+01 3.74800e-01
6.46700e+01 3.90200e-01
6.55800e+01 4.02400e-01
6.65500e+01 4.11500e-01
6.76000e+01 4.16700e-01
6.90000e+01 4.16700e-01
7.05300e+01 4.08900e-01
7.30000e+01 3.83000e-01
7.50000e+01 3.54300e-01
7.62900e+01 3.34000e-01
8.00000e+01 2.94400e-01
8.29700e+01 2.67900e-01
8.50000e+01 2.51900e-01
8.68000e+01 2.39000e-01
9.08000e+01 2.14000e-01
9.51700e+01 1.91300e-01
1.00000e+02 1.70600e-01
1.20000e+02 1.15100e-01
1.60000e+02 6.68400e-02
2.10000e+02 4.28200e-02
