hudgins1993
140
pe
wavel  n  k
199.389867007  1.6743  -0.0438
192.0049153258  1.6965  -0.062296
185.1474699598  1.7205  -0.034211
178.7629603146  1.7344  -0.03557
172.8040920009  1.7362  0.0021384
167.2296732332  1.7407  0.0
162.0036612827  1.743  0.019086
157.0943823049  1.7373  0.0011017
152.4738888465  1.7412  0.0092071
148.1174274965  1.7426  0.0086643
144.0050689784  1.7469  0.0081028
140.1129310224  1.7548  0.0075367
136.4256480218  1.768  0.01176
132.9274614843  1.763  0.056395
129.6041888074  1.7487  0.041331
126.4430310923  1.7504  0.033242
123.4324084132  1.7473  0.045588
120.5618180722  1.7513  0.016104
117.8217121851  1.7701  0.019353
115.2033915878  1.7767  0.045008
112.6989135825  1.7747  0.048028
110.3010114603  1.7745  0.05265
108.0030240847  1.7721  0.055254
105.7988340968  1.78  0.036788
103.6828135368  1.7891  0.055592
101.6497758622  1.797  0.046847
99.6909580301  1.8012  0.071859
97.8090766823  1.8082  0.052752
96.0061443932  1.8201  0.076155
94.2595909134  1.8226  0.085985
92.5754489909  1.8289  0.088666
90.9504320146  1.8337  0.10873
89.3814801573  1.8271  0.12575
87.8657411475  1.8289  0.10648
86.4005529635  1.841  0.11705
84.9834282315  1.8592  0.11351
83.6190316916  1.8716  0.15635
82.2909809085  1.8681  0.18092
81.004455245  1.8589  0.20144
79.7575370873  1.8568  0.19699
78.5484251041  1.8627  0.21632
77.3754255648  1.8574  0.24875
76.2369444233  1.8472  0.25993
75.1314800902  1.8358  0.28173
74.0576168259  1.8225  0.28915
73.0140186916  1.8092  0.30314
72.0046082949  1.7973  0.2996
71.0176834032  1.7888  0.31378
70.0574471066  1.7769  0.31548
69.1228312712  1.7693  0.3165
68.2128240109  1.7611  0.3252
67.3264660338  1.7544  0.3234
66.4628472684  1.746  0.33716
65.621103747  1.7375  0.33197
64.8004147227  1.7314  0.34261
64.0040962622  1.7201  0.34431
63.2231143706  1.7123  0.34527
62.4609618988  1.7031  0.34778
61.716965994  1.6948  0.34285
60.9904854843  1.6931  0.3343
60.2809090361  1.6933  0.33858
59.5876534382  1.6905  0.34097
58.9101620029  1.6907  0.33694
58.2479030755  1.6937  0.34152
57.6003686424  1.6953  0.34977
56.9703184641  1.6955  0.3536
56.3507269244  1.6979  0.36692
55.7444673616  1.6923  0.38624
55.1511140525  1.6837  0.39183
54.5702592087  1.6784  0.39762
54.0015120423  1.6739  0.40649
53.4444978889  1.6671  0.41902
52.8988573847  1.6566  0.42932
52.364245693  1.6498  0.42776
51.8403317781  1.6453  0.44175
51.3294322965  1.6356  0.44848
50.8259212198  1.6278  0.46007
50.3321924703  1.619  0.46554
49.8479637107  1.6107  0.47711
49.3729633653  1.6002  0.48836
48.906930112  1.5875  0.50034
48.4496124031  1.5764  0.50544
48.0007680123  1.5627  0.52524
47.560163607  1.5465  0.53323
47.1297954567  1.5259  0.54831
46.7049647378  1.5038  0.5598
46.2877244955  1.4783  0.56752
45.8778731018  1.4502  0.57423
45.4752160073  1.4232  0.57082
45.079565433  1.3902  0.58229
44.6907400787  1.3558  0.56181
44.3085648456  1.3302  0.54571
43.9328705738  1.3062  0.52988
43.5634937922  1.2858  0.50679
43.2002764818  1.2709  0.48737
42.8449014567  1.2555  0.46699
42.4935197382  1.2439  0.44869
42.1478546742  1.2371  0.42095
41.8077678833  1.2327  0.41091
41.4731254147  1.2257  0.39507
41.1437975725  1.219  0.38142
40.8196587477  1.2127  0.36448
40.5005872585  1.2095  0.34684
40.1864651985  1.2079  0.33455
39.8787685436  1.2026  0.3233
39.5741818038  1.2005  0.30605
39.274212552  1.1986  0.29536
38.9787565777  1.198  0.27825
38.6877127824  1.1972  0.27094
38.4009830652  1.1972  0.25303
38.1184722116  1.1993  0.24548
37.840087789  1.1975  0.23876
37.5657400451  1.1971  0.22365
37.2967328062  1.1963  0.21601
37.0301795964  1.1969  0.20216
36.7674093683  1.1977  0.19355
36.5083421562  1.1993  0.18
36.252900232  1.2005  0.1736
36.0010080282  1.2016  0.15964
35.7525920629  1.2059  0.14739
35.5075808685  1.2097  0.14118
35.2659049231  1.214  0.12948
35.0287235533  1.2176  0.12451
34.7935005741  1.2221  0.11404
34.5614156356  1.2283  0.10823
34.3324063584  1.2275  0.11373
34.1064120055  1.2271  0.093366
33.8833734287  1.2327  0.087094
33.6632330169  1.2373  0.079288
33.4459346466  1.2411  0.074236
33.2314236342  1.2451  0.064975
33.0196466898  1.2501  0.059287
32.8116284411  1.2543  0.052086
32.605151614  1.2603  0.044105
32.4012571688  1.2659  0.040408
32.1998969603  1.2722  0.032003
32.0010240328  1.278  0.03087
31.8045925832  1.2839  0.022696
31.6105579263  1.2902  0.021683
31.418876461  1.2958  0.016131
31.2295056369  1.3019  0.013702
31.0424039238  1.3074  0.010579
30.858482997  1.3132  0.0067891
30.6757876008  1.3193  0.0045331
30.4952427421  1.3254  0.0016022
30.3168106715  1.3315  0.00015569
30.1404545181  1.3376  0.0
29.9661382638  1.3439  0.0
29.7938267191  1.3496  0.0
29.6234854993  1.3557  0.0
29.4550810015  1.3608  0.0
29.2894382286  1.3653  0.0
29.124799767  1.37  0.0
28.9620018536  1.374  0.0
28.8010137957  1.3777  0.0012054
28.6418055794  1.3804  0.0021841
28.4843478509  1.3833  0.001865
28.328611898  1.3861  0.0028241
28.1745696334  1.3887  0.0025006
28.0221935773  1.3914  0.0027587
27.871456841  1.3942  0.0018139
27.7231016606  1.3975  0.0015047
27.5755570263  1.4007  0.0018131
27.4295745673  1.4042  0.0015061
27.2851296044  1.4071  0.0036275
27.1421979752  1.4099  0.0027072
27.0007560212  1.4127  0.0047908
26.8607805743  1.415  0.005064
26.7222489445  1.4174  0.0059211
26.5851389074  1.4192  0.0073558
26.4494286923  1.4213  0.0064378
26.3157894737  1.4233  0.0084285
26.182808368  1.4251  0.0075202
26.0511644871  1.4272  0.0089046
25.9208377615  1.4286  0.0091408
25.7918085216  1.4305  0.008239
25.6640574875  1.4328  0.0084681
25.5375657592  1.4354  0.0080901
25.4123148078  1.4377  0.0094692
25.2882864657  1.44  0.0090891
25.1660962352  1.4424  0.0104
25.0444539057  1.4445  0.011151
24.9239818553  1.4466  0.011891
24.8046632767  1.4482  0.01375
24.6864816826  1.4499  0.013355
24.5694208987  1.4514  0.015717
24.453465056  1.4528  0.014792
24.3385985835  1.4543  0.016546
24.2248062016  1.4557  0.016193
24.112654321  1.4576  0.016355
24.0009600384  1.4592  0.01755
23.8902957619  1.4611  0.017188
23.7806473092  1.4628  0.018877
23.6720007575  1.4647  0.018
23.564342437  1.4667  0.020164
23.4576589256  1.4684  0.020299
23.3519370432  1.4701  0.021929
23.247163846  1.4715  0.023052
23.1433266218  1.4729  0.023666
23.0404128842  1.4743  0.025259
22.9389365509  1.4754  0.025864
22.8378285793  1.4765  0.027479
22.7376080036  1.4774  0.027542
22.6382631924  1.4786  0.028119
22.5397827165  1.48  0.02869
22.4421553446  1.4814  0.029249
22.3453700393  1.4826  0.030288
22.2494159528  1.4841  0.029882
22.1542824228  1.486  0.031358
22.060445621  1.4875  0.031886
21.9669178218  1.4885  0.034805
21.8741797183  1.4893  0.033939
21.7822213509  1.4911  0.034437
21.691032927  1.4926  0.036323
21.6006048169  1.4936  0.03729
21.5109275512  1.4947  0.038244
21.4219918168  1.4956  0.039194
21.3337884542  1.4969  0.039219
21.2463084539  1.4982  0.04059
21.1599906896  1.4994  0.040611
21.0739273371  1.5009  0.041957
20.9885612341  1.5024  0.041954
20.9038839416  1.5041  0.043272
20.8198871562  1.5056  0.044142
20.7365627074  1.5073  0.044996
20.6539025549  1.509  0.046277
20.5718987863  1.5109  0.047107
20.4905436141  1.5127  0.049225
20.4102459435  1.5142  0.050044
20.3301618281  1.516  0.052127
20.250703712  1.5177  0.053376
20.1718642837  1.5193  0.055859
20.0936363454  1.521  0.057044
20.0160128102  1.5228  0.059903
19.9389867007  1.524  0.062342
19.8625511461  1.5254  0.064372
19.7866993807  1.527  0.067168
19.7118132897  1.5277  0.070832
19.637106276  1.5282  0.074103
19.5629633977  1.5282  0.076929
19.4893782888  1.5282  0.079741
19.416344679  1.5278  0.082975
19.3438563912  1.5274  0.084994
19.2719073407  1.5266  0.088639
19.2004915326  1.5254  0.090244
19.1296030607  1.5245  0.092225
19.0592361058  1.5232  0.095082
18.9897455374  1.5213  0.095492
18.9204018693  1.5201  0.097066
18.8515627946  1.5196  0.095837
18.7832228254  1.5188  0.09953
18.7153765534  1.5169  0.099423
18.648018648  1.5165  0.097921
18.5811438552  1.5164  0.099555
18.514746996  1.5158  0.099546
18.4488229651  1.5158  0.099688
18.3837046842  1.5157  0.09964
18.3187088974  1.5161  0.10121
18.2541710781  1.5155  0.10265
18.1900864029  1.5145  0.10287
18.126450116  1.5146  0.10115
18.0632575279  1.515  0.10289
18.0005040141  1.515  0.10264
17.9381850144  1.5155  0.10253
17.8762960315  1.516  0.10386
17.8148326296  1.5165  0.10395
17.7537904343  1.5163  0.10689
17.6934781839  1.5152  0.1053
17.6332633881  1.5159  0.10536
17.5734570505  1.5165  0.10505
17.5140550292  1.5179  0.10506
17.4550532379  1.5181  0.10833
17.3964476454  1.5181  0.10667
17.3382342742  1.5189  0.10811
17.2804092001  1.5196  0.10797
17.2229685509  1.5204  0.10957
17.1662031792  1.5204  0.10987
17.1095180249  1.521  0.1111
17.0532060027  1.5211  0.11137
16.9972634406  1.5218  0.11124
16.9416867143  1.5229  0.11142
16.8864722471  1.5239  0.11297
16.8316165084  1.524  0.1144
16.7771160138  1.5247  0.11308
16.7229673233  1.5262  0.11455
16.6694449075  1.5268  0.11495
16.6159879036  1.5282  0.11606
16.5628726646  1.5289  0.11758
16.5100959237  1.5296  0.11813
16.4576544551  1.5308  0.11827
16.4055450742  1.5323  0.1197
16.3537646366  1.5333  0.1217
16.3023100373  1.5333  0.12359
16.2511782104  1.5341  0.12245
16.2003661283  1.5361  0.12361
16.1501316236  1.5369  0.12559
16.0999484802  1.5379  0.127
16.0500762379  1.5391  0.12728
16.0005120164  1.5406  0.12916
15.9512529709  1.5418  0.13053
15.9022962916  1.5427  0.13244
15.8536392029  1.5439  0.13304
15.8052789632  1.5452  0.13489
15.7572128642  1.5474  0.1352
15.7096850208  1.5485  0.13865
15.6621977196  1.5501  0.13955
15.6149966428  1.552  0.1418
15.5680792104  1.554  0.14403
15.5214428733  1.5554  0.14823
15.475085113  1.5562  0.15106
15.4290034407  1.5568  0.15444
15.3831953973  1.5571  0.15765
15.337658553  1.557  0.16089
15.2923905065  1.5571  0.16342
15.2476213711  1.5557  0.16686
15.2028824665  1.5548  0.16814
15.1584053358  1.5544  0.16834
15.114187688  1.5549  0.16882
15.070227259  1.556  0.16971
15.026521811  1.5578  0.1703
14.9830691319  1.559  0.17425
14.9398670352  1.5598  0.17472
14.8969133596  1.5618  0.17625
14.8542059684  1.5637  0.17985
14.8119621406  1.5644  0.18171
14.7697397572  1.565  0.18559
14.7277574044  1.5892  0.1857
14.6963729352  1.5488  0.19382
14.6548060436  1.5708  0.1926
14.6134736227  1.572  0.19705
14.572373694  1.5734  0.20142
14.531715469  1.5733  0.20603
14.4910734987  1.5736  0.21053
14.4506582275  1.5741  0.21226
14.4104677638  1.5758  0.21655
14.3705002371  1.5756  0.22385
14.3307537976  1.575  0.22574
14.291226616  1.5755  0.23017
14.2519168828  1.5756  0.23467
14.2128228087  1.5754  0.2392
14.1739426239  1.5756  0.24362
14.1354743865  1.5743  0.24834
14.0970156618  1.5741  0.25283
14.0587656404  1.5734  0.25743
14.020722628  1.5726  0.26204
13.9828849488  1.5717  0.26667
13.9452509448  1.5706  0.27132
13.9078189758  1.5694  0.27598
13.8705874194  1.5681  0.28065
13.8335546702  1.5674  0.28523
13.7969094923  1.5648  0.29017
13.7602686004  1.5637  0.29481
13.7238218099  1.562  0.29959
13.6875675824  1.5601  0.30439
13.6515043958  1.5582  0.30921
13.6156307441  1.5561  0.31407
13.579945137  1.5539  0.31896
13.5444460999  1.5515  0.32385
13.5091321733  1.549  0.32882
13.4740019133  1.5471  0.33364
13.4392345012  1.543  0.33897
13.4044663682  1.5406  0.34392
13.3698776656  1.5374  0.34908
13.3354670081  1.5337  0.35433
13.3012330243  1.5294  0.35977
13.2671743572  1.5256  0.3622
13.2332896635  1.5226  0.36735
13.1995776135  1.5187  0.3727
13.1660368912  1.5139  0.37831
13.1326661939  1.5104  0.38073
13.0996358301  1.5051  0.38648
13.0666004626  1.5007  0.39205
13.0337312966  1.4956  0.39489
13.0010270811  1.4903  0.40064
12.9684865776  1.4846  0.40369
12.9361085598  1.4798  0.40646
12.9038918138  1.4744  0.41235
12.8718351375  1.4681  0.41558
12.8399373411  1.4631  0.41844
12.8083612983  1.4557  0.42197
12.7767769303  1.4507  0.42488
12.745347948  1.4447  0.42801
12.7140732076  1.4387  0.43121
12.6829515765  1.4324  0.4345
12.651981933  1.4253  0.43801
12.6211631664  1.4188  0.43838
12.5904941769  1.4129  0.44157
12.5599738753  1.4058  0.44513
12.5296011828  1.4001  0.44528
12.4995312676  1.3923  0.44905
12.4694498479  1.3853  0.4526
12.4395128687  1.377  0.45351
12.4097192921  1.3693  0.45425
12.3800680904  1.3619  0.45491
12.3505582452  1.3547  0.45554
12.3211887483  1.3474  0.45616
12.2919586007  1.3401  0.45683
12.262866813  1.3337  0.4572
12.2340620756  1.3241  0.45851
12.2052433726  1.3181  0.45569
12.1765601218  1.3107  0.45947
12.1480113705  1.3024  0.45733
12.1195961751  1.2945  0.45817
12.0913136003  1.2867  0.45586
12.06316272  1.2788  0.4567
12.0351426164  1.2703  0.45459
12.0072523804  1.2625  0.45224
11.9794911112  1.2568  0.44932
11.9520007649  1.2477  0.45049
11.9244941033  1.2401  0.44808
11.8971137602  1.2321  0.4458
11.8698588674  1.2241  0.4435
11.8427285647  1.2156  0.44133
11.8157219997  1.208  0.43576
11.7888383279  1.2013  0.43302
11.7620767123  1.194  0.4305
11.7354363235  1.1867  0.42795
11.7090534401  1.1769  0.42291
11.6826524294  1.1712  0.41675
11.6563702063  1.1645  0.414
11.6302059709  1.1578  0.40808
11.6041589306  1.151  0.40533
11.5782282995  1.1438  0.39949
11.5524132991  1.1379  0.39332
11.5267131577  1.1315  0.39044
11.5011271105  1.1242  0.3846
11.4756543992  1.1185  0.37836
11.4504253833  1.1109  0.37256
11.425176519  1.1056  0.36621
11.4000387601  1.0996  0.36001
11.375011375  1.0932  0.35385
11.3500936383  1.0878  0.34432
11.3252848309  1.0837  0.3377
11.3005842402  1.079  0.33118
11.2759911596  1.0738  0.32478
11.2515048888  1.0694  0.31508
11.2271247334  1.0666  0.3082
11.2029755103  1.0612  0.30186
11.1788049857  1.0582  0.29194
11.1547385329  1.0554  0.28509
11.1307754811  1.0515  0.27846
11.1069151654  1.0479  0.26872
11.0831569264  1.0462  0.25873
11.0595001106  1.0448  0.2518
11.0359440698  1.0422  0.24507
11.0124881616  1.0404  0.23523
10.989252511  1.0389  0.22539
10.9659944512  1.0392  0.21839
10.9428346319  1.0378  0.21165
10.9197724319  1.0365  0.20195
10.8968072355  1.0371  0.19215
10.8739384318  1.0379  0.18535
10.8511654152  1.0376  0.1787
10.8284875851  1.0375  0.16916
10.8059043461  1.0392  0.1596
10.7834151076  1.0415  0.15294
10.7611350845  1.0419  0.14648
10.7388316151  1.0438  0.13716
10.7166204066  1.0458  0.13076
10.6945008876  1.0484  0.12162
10.6724724917  1.0517  0.11534
10.6505346568  1.0545  0.10915
10.6286868257  1.0568  0.10304
10.6069284457  1.0602  0.094251
10.5852589684  1.0652  0.08829
10.5637894425  1.0685  0.085069
10.5422956903  1.0714  0.079241
10.5208892256  1.0748  0.073489
10.4995695176  1.0785  0.067813
10.4783360402  1.0826  0.062221
10.4571882712  1.0875  0.056724
10.4361256927  1.0922  0.053808
10.4151477909  1.0957  0.050922
10.3942540564  1.0995  0.045584
10.3734439834  1.1036  0.0428
10.3528242505  1.1077  0.037593
10.3321795733  1.1126  0.034927
10.3116170678  1.1168  0.032269
10.2911362444  1.1209  0.029637
10.2707366172  1.1248  0.027031
10.2504177045  1.1287  0.024432
10.2301790281  1.1327  0.02189
10.2100201137  1.1368  0.019385
10.1899404907  1.1414  0.016934
10.170043121  1.1452  0.016783
10.1501202789  1.1489  0.014329
10.1302753409  1.1523  0.014169
10.1105078508  1.1553  0.011724
10.0908173562  1.1594  0.0093341
10.0712034081  1.1633  0.0092288
10.051665561  1.1661  0.0090657
10.0322033728  1.1692  0.0066968
10.012816405  1.1724  0.0065655
9.9940035978  1.1754  0.0042299
9.9740674247  1.1792  0.0041461
9.9552015928  1.1817  0.0039902
9.9364069952  1.1847  0.0016789
9.9166997223  1.1885  0.0016043
9.8980500841  1.1915  0.001487
9.8794704604  1.1943  0.0013621
9.8609604575  1.1972  0.0012395
9.8415510284  1.1991  0.0031809
9.8231827112  1.2007  0.00087613
9.8048828317  1.2031  0.00073487
9.7856933164  1.2051  0.00054836
9.7675327212  1.2075  0.0
9.7494394072  1.2108  0.0
9.7304660893  1.2127  0.00014901
9.7125097125  1.2145  0.0
9.6946194862  1.2172  0.0
9.6767950455  1.2196  0.0
9.6581031485  1.2217  0.0
9.6404126097  1.2237  0.0
9.622786759  1.2256  0.0
9.6043027276  1.2271  0.0
9.5868085514  1.2295  0.0
9.5693779904  1.2316  0.0
9.5520106983  1.2337  0.0
9.5337973115  1.2359  0.0
9.5165588123  1.2372  0.0
9.4993825401  1.2387  0.0
9.4813691097  1.2402  0.0
9.4643195154  1.2418  0.0
9.447331129  1.2433  0.0
9.4304036213  1.2449  0.0
9.4126506024  1.2465  0.0
9.3958470356  1.2484  0.0
9.3791033577  1.2496  0.0012777
9.3615427823  1.25  0.0012857
9.3449210354  1.2515  0.0
9.328358209  1.2532  0.0014008
9.3118539901  1.2539  0.0014213
9.2945441026  1.255  0.0014554
9.2781592132  1.2559  0.001487
9.2618319904  1.257  0.0015196
9.244707405  1.2581  0.0015576
9.2284976006  1.2591  0.0015901
9.2123445417  1.2602  0.0016245
9.1962479308  1.2613  0.0016586
9.179364788  1.2627  0.0017059
9.163383121  1.263  0.003581
9.147457007  1.2634  0.001716
9.130752374  1.2648  0.0017623
9.1149393857  1.2658  0.0017944
9.0991810737  1.2667  0.0018227
9.0826521344  1.2678  0.0018566
9.0670051682  1.2687  0.0018826
9.0514120203  1.2696  0.0019103
9.0358724135  1.2705  0.0019355
9.0195724723  1.2715  0.0019664
9.0041419053  1.2724  0.0019903
8.9887640449  1.2732  0.0020138
8.9726334679  1.2742  0.0020424
8.9573629523  1.275  0.0020649
8.9421443262  1.2758  0.0020894
8.9269773255  1.2766  0.0021112
8.9110675459  1.2776  0.0021379
8.8960056934  1.2783  0.002159
8.8809946714  1.2791  0.0021797
8.865248227  1.28  0.0022056
8.8503407381  1.2808  0.0022248
8.8354833009  1.2816  0.0022465
8.8206756638  1.2823  0.0022654
8.805142203  1.2832  0.0022901
8.7904360056  1.2839  0.002309
8.7757788504  1.2846  0.0023267
8.7604029785  1.2855  0.0023506
8.7458457233  1.2862  0.0023684
8.7313367677  1.2869  0.0023873
8.7168758717  1.2876  0.0024047
8.7017055343  1.2885  0.002429
8.6873425419  1.2892  0.0024453
8.6730268864  1.2899  0.0024625
8.658008658  1.2907  0.0024858
8.6437894373  1.2914  0.0025015
8.629616845  1.2921  0.0025195
8.6154906522  1.2928  0.0025356
8.6006708523  1.2937  0.0025591
8.5866391894  1.2944  0.0025768
8.5726532362  1.2952  0.0025952
8.5579803166  1.2963  0.0026268
8.5440874915  1.2964  0.0043241
8.5302396997  1.2966  0.0026233
8.5157114877  1.2978  0.002656
8.5019554498  1.2986  0.0026758
8.4882437824  1.2994  0.0026987
8.4745762712  1.3003  0.002721
8.4602368866  1.3017  0.0027587
8.4466593462  1.3022  0.0044444
8.4331253162  1.3023  0.0044359
8.4189257451  1.3029  0.0044449
8.4054803732  1.3032  0.0044483
8.3920778785  1.3038  0.0044563
8.3787180561  1.3043  0.0044625
8.3647009619  1.3051  0.0044777
8.3514280942  1.3056  0.0044865
8.3381972817  1.3062  0.0044962
8.3243153251  1.3072  0.0045165
8.3111702128  1.3082  0.0045367
8.2980665505  1.3087  0.0061808
8.2850041425  1.3085  0.0061651
8.2712985939  1.3088  0.0061616
8.2583202577  1.3096  0.0045453
8.2453825858  1.3105  0.0061871
8.231807705  1.3109  0.0061894
8.2189529054  1.3112  0.0061873
8.2061381914  1.3118  0.0061916
8.1933633757  1.3122  0.0061929
8.1799591002  1.3131  0.0062056
8.1672655995  1.3136  0.0062109
8.1546114328  1.3144  0.006223
8.1413335504  1.3151  0.007831
8.1287595513  1.3147  0.0078087
8.1162243324  1.3143  0.0077852
8.1037277147  1.3161  0.00305
8.0906148867  1.3184  0.0078651
8.0781969464  1.3181  0.0078454
8.0658170673  1.3184  0.0078397
8.0528265421  1.3195  0.0078558
8.0405242422  1.3198  0.0094278
8.0282594733  1.3196  0.0094075
8.0153895479  1.3202  0.0094076
8.0032012805  1.3204  0.009397
7.991050024  1.321  0.009396
7.97893561  1.3215  0.0093954
7.9662232136  1.3221  0.010956
7.9541839007  1.3223  0.0093836
7.9421809229  1.3228  0.010939
7.9295852827  1.3233  0.010933
7.9176563737  1.3235  0.010921
7.9057633014  1.3241  0.010916
7.8939059046  1.3247  0.010914
7.8814627995  1.3255  0.012459
7.8696781302  1.3252  0.012435
7.85792865  1.3253  0.012417
7.8455986192  1.3262  0.012417
7.8339208774  1.3267  0.012408
7.8222778473  1.3271  0.013931
7.8106693744  1.3267  0.013903
7.7984870935  1.3274  0.013895
7.7869490734  1.3275  0.013877
7.7754451442  1.3278  0.013862
7.763372409  1.3284  0.015374
7.7519379845  1.3284  0.013833
7.7405371933  1.3291  0.015342
7.7291698872  1.3288  0.015314
7.7172403149  1.3296  0.015305
7.7059412807  1.3297  0.015286
7.6946752847  1.3302  0.015271
7.6828518746  1.3311  0.01677
7.6716532413  1.3306  0.016738
7.660487207  1.3308  0.016717
7.6493536296  1.3308  0.016692
7.6376689834  1.3321  0.01669
7.6266015863  1.332  0.01816
7.6155662173  1.3315  0.018125
7.6039844879  1.3322  0.01811
7.5930144267  1.3321  0.018081
7.5820759724  1.3321  0.018055
7.5705958059  1.3332  0.018046
7.5597218022  1.3335  0.018025
7.5488789915  1.3338  0.019485
7.5380672396  1.3333  0.019449
7.5267198555  1.3342  0.019433
7.5159714393  1.3341  0.019405
7.5052536776  1.3343  0.019381
7.4940047962  1.3353  0.020836
7.4833495473  1.3347  0.020798
7.4727245554  1.3348  0.02077
7.4621296918  1.3346  0.020738
7.4510096118  1.3356  0.020723
7.4404761905  1.3357  0.020694
7.4299725091  1.336  0.020669
7.4189479932  1.3371  0.022109
7.4085049637  1.3366  0.022072
7.3980912924  1.3371  0.022048
7.3877068558  1.3367  0.023465
7.3768073178  1.3373  0.023436
7.3664825046  1.3369  0.0234
7.3561865529  1.3366  0.023363
7.3453797561  1.3379  0.023345
7.3351426685  1.3373  0.024749
7.3249340756  1.3375  0.023276
7.3147538585  1.3375  0.024682
7.3040683661  1.3383  0.024655
7.2939460248  1.338  0.024618
7.2838517008  1.338  0.024584
7.2732562368  1.3391  0.02599
7.2632190587  1.3382  0.025946
7.2532095452  1.3383  0.025911
7.2432275822  1.3378  0.025872
7.2327498915  1.339  0.025846
7.2228241242  1.3388  0.025809
7.2129255626  1.3389  0.025775
7.2025352924  1.34  0.027167
7.1926922247  1.3393  0.027123
7.1828760236  1.3388  0.027082
7.1725720843  1.3401  0.027055
7.1628106869  1.3401  0.027019
7.1530758226  1.3403  0.028394
7.1433673834  1.3395  0.028349
7.1331764035  1.3408  0.02832
7.1235218692  1.34  0.02968
7.1138934339  1.3395  0.028233
7.1037863181  1.3409  0.029605
7.0942111237  1.3401  0.029559
7.0846617074  1.3402  0.029521
7.0751379652  1.3398  0.029478
7.0651405963  1.3414  0.029448
7.0556692302  1.3409  0.030799
7.0462232244  1.3399  0.030751
7.0363073459  1.341  0.030716
7.0269130771  1.3404  0.030671
7.0175438596  1.3407  0.030631
7.0081995935  1.3406  0.030591
6.9983903702  1.3418  0.031939
6.9890970087  1.3409  0.031891
6.9798282962  1.3403  0.031845
6.9700982784  1.3417  0.031809
6.9608798552  1.3407  0.03314
6.9516857838  1.3406  0.031719
6.9425159678  1.3407  0.031678
6.9328896284  1.3421  0.033014
6.9237693  1.3412  0.032966
6.914672936  1.3406  0.032919
6.9051236017  1.342  0.032882
6.8960761327  1.3418  0.032838
6.8870523416  1.342  0.034159
6.8780521356  1.341  0.03411
6.8686036129  1.3424  0.03407
6.8596515297  1.3414  0.035381
6.8507227513  1.3405  0.033971
6.841349114  1.3424  0.033935
6.8324678874  1.3419  0.035243
6.8236096895  1.3409  0.035193
6.8143100511  1.3422  0.035151
6.8054988431  1.3416  0.035103
6.7967103922  1.342  0.03506
6.7879446104  1.3411  0.036358
6.7787418655  1.3425  0.034969
6.7700223411  1.3421  0.036266
6.7613252197  1.3413  0.036216
6.7521944632  1.3427  0.036174
6.7435430575  1.3424  0.036126
6.7349137931  1.3425  0.037418
6.7263065851  1.3415  0.037367
6.7172701014  1.3428  0.037321
6.7087079029  1.3422  0.037271
6.7001675042  1.342  0.037223
6.6912010706  1.3436  0.038509
6.682705159  1.3421  0.039787
6.6742307949  1.3418  0.038406
6.6657778963  1.3414  0.038356
6.6569032086  1.3434  0.03831
6.6484941161  1.343  0.039585
6.6401062417  1.3417  0.040857
6.6312997347  1.3425  0.040803
6.6229551626  1.3412  0.04075
6.614631565  1.3415  0.039378
6.6063288631  1.3411  0.040647
6.5976116646  1.3424  0.040595
6.5893516078  1.3417  0.040543
6.581112208  1.3415  0.040491
6.5724613868  1.3426  0.043067
6.564264146  1.341  0.041698
6.5560873271  1.3403  0.041644
6.5475021279  1.342  0.041592
6.5393669893  1.3415  0.041539
6.531252041  1.3416  0.042795
6.5231572081  1.3405  0.04274
6.5146579805  1.342  0.042685
6.5066042033  1.3416  0.042631
6.4985703145  1.3409  0.04388
6.4901349948  1.3419  0.045124
6.4821416996  1.3399  0.045069
6.4741680694  1.3398  0.043712
6.4662140317  1.3393  0.043658
6.4578624475  1.3414  0.043603
6.4499484004  1.3407  0.044842
6.4420537267  1.3398  0.044787
6.4337643955  1.3413  0.046021
6.4259092662  1.3399  0.045966
6.4180732944  1.3399  0.045908
6.4102564103  1.3384  0.047143
6.4020486556  1.3397  0.045792
6.3942707334  1.3393  0.045736
6.3865116873  1.3384  0.046966
6.3783645873  1.3397  0.046905
6.3706440721  1.3387  0.046847
6.3629422245  1.339  0.04679
6.3552589768  1.3379  0.048015
6.3471913678  1.3392  0.047952
6.3395460885  1.3381  0.047894
6.3319192047  1.3373  0.047836
6.3239107064  1.3389  0.049051
6.3163213744  1.3374  0.048992
6.3087502366  1.3374  0.048932
6.3011972275  1.3365  0.048873
6.2932662052  1.3381  0.050082
6.2857502043  1.3366  0.050023
6.2782521346  1.3354  0.049963
6.2703787309  1.3374  0.049898
6.2629172669  1.3362  0.051108
6.2554735393  1.3346  0.051048
6.2476571286  1.3362  0.050982
6.24024961  1.3352  0.05092
6.232859636  1.3351  0.052125
6.2254871444  1.3334  0.052064
6.2177454455  1.335  0.051996
6.2104086449  1.334  0.051935
6.2030891384  1.3326  0.053136
6.195403011  1.3339  0.053068
6.1881188119  1.3324  0.053005
6.1808517214  1.3323  0.052941
6.1736016792  1.3312  0.052878
6.1659884079  1.3328  0.054067
6.1587731724  1.3311  0.054005
6.1515748031  1.3296  0.053941
6.1440157287  1.3313  0.053872
6.136851795  1.3302  0.053807
6.1297045482  1.33  0.054997
6.1225739301  1.3283  0.054932
6.115085917  1.3295  0.056115
6.1079892499  1.3277  0.054797
6.1009090354  1.3267  0.054731
6.0934738895  1.3284  0.055912
6.0864272672  1.3266  0.055846
6.0793969238  1.3265  0.055779
6.072382803  1.3247  0.056961
6.065016982  1.3259  0.056889
6.0580359847  1.3242  0.056821
6.0510710396  1.322  0.058
6.0437567992  1.323  0.056682
6.0368246302  1.3214  0.056612
6.0299083454  1.321  0.056544
6.0230078901  1.3193  0.056473
6.0157612946  1.3208  0.056405
6.0088931619  1.3191  0.056335
6.0020406938  1.3175  0.056263
5.9948444338  1.3192  0.056197
5.9880239521  1.317  0.057362
5.9812189724  1.3162  0.056054
5.974429442  1.3147  0.055981
5.9672992004  1.3158  0.05715
5.9605412171  1.3136  0.055838
5.9537985235  1.312  0.055763
5.946717412  1.3133  0.055701
5.94000594  1.3115  0.055625
5.9333096001  1.3089  0.056775
5.9262771127  1.3096  0.054248
5.9196116735  1.3081  0.054171
5.912961211  1.3072  0.0541
5.9063256748  1.3054  0.052793
5.8993569701  1.3067  0.05274
5.8927519151  1.3046  0.052656
5.886161634  1.3027  0.051352
5.8792404021  1.303  0.05251
5.8726802913  1.3008  0.048766
5.8661348038  1.3006  0.048706
5.8596038908  1.2989  0.047409
5.8527449374  1.3003  0.046161
5.8462437884  1.2986  0.046078
5.8397570661  1.2972  0.043588
5.8329444704  1.2986  0.043558
5.8264872109  1.2969  0.042274
5.8200442323  1.2966  0.041019
5.8136154875  1.2954  0.039749
5.8068637129  1.2965  0.038532
5.8004640371  1.2955  0.037273
5.7940784518  1.2946  0.036021
5.7873719544  1.2958  0.034819
5.7810151463  1.2947  0.033571
5.7746722873  1.2951  0.031189
5.7683433318  1.2949  0.031143
5.7616962434  1.2956  0.029954
5.7553956835  1.2953  0.027575
5.7491088881  1.2957  0.02639
5.7425060296  1.2971  0.0264
5.736247347  1.2967  0.025195
5.730002292  1.2965  0.024005
5.7234432234  1.2978  0.022864
5.7172260019  1.2979  0.02169
5.711022273  1.2987  0.020548
5.7048319927  1.2989  0.02053
5.6983303892  1.3002  0.019405
5.6921675774  1.3001  0.019381
5.6860180815  1.3  0.018218
5.6795592662  1.3014  0.017111
5.6734369681  1.3015  0.017095
5.6673278549  1.3019  0.015959
5.6612318841  1.3024  0.014837
5.6548292242  1.3039  0.014868
5.6487600972  1.3039  0.01485
5.6427039837  1.304  0.013721
5.6363431406  1.3051  0.013739
5.6303136085  1.3053  0.012619
5.6242969629  1.3058  0.012625
5.6182931625  1.3062  0.011516
5.6119872047  1.3075  0.011547
5.6060096423  1.3077  0.011542
5.6000448004  1.3076  0.011525
5.593779717  1.3083  0.010436
5.5878408583  1.3091  0.0093563
5.5819145967  1.3098  0.010466
5.5760008922  1.3095  0.010441
5.569789462  1.3099  0.009352
5.5639014077  1.3104  0.0082718
5.5580257892  1.3111  0.008286
5.5518543193  1.3119  0.0083059
5.546004104  1.312  0.008297
5.540166205  1.3125  0.007224
5.5343405833  1.313  0.0072365
5.5282215711  1.3138  0.0072553
5.5224210294  1.3138  0.0072479
5.5166326474  1.3142  0.0061787
5.5105527084  1.3152  0.0062083
5.5047891666  1.3156  0.0062154
5.4990376684  1.3158  0.0062181
5.4929964296  1.3164  0.0062299
5.4872695347  1.3163  0.0062212
5.4815545689  1.3167  0.0051644
5.4758514949  1.3172  0.0051782
5.4698610655  1.3178  0.0051941
5.4641822851  1.3179  0.0051897
5.4585152838  1.3182  0.0041411
5.4525627045  1.3192  0.0041696
5.4469197669  1.3196  0.0041798
5.4412884971  1.32  0.0041913
5.4356688591  1.3203  0.0041964
5.4297659771  1.3207  0.0042073
5.424170102  1.3207  0.0042029
5.4185857491  1.3211  0.003165
5.4127198917  1.3219  0.0031921
5.4071590786  1.3223  0.0032038
5.4016096797  1.3228  0.003216
5.3960716598  1.3231  0.0032237
5.39025442  1.3236  0.0032368
5.3847396478  1.3238  0.0032412
5.3792361485  1.3239  0.0032431
5.3734551316  1.3241  0.0032459
5.3679746632  1.3244  0.0022215
5.3625053625  1.3251  0.0022435
5.3570471956  1.3255  0.0022562
5.3513137475  1.326  0.0022724
5.3458783278  1.3264  0.0022818
5.3404539386  1.3267  0.0022904
5.3347559349  1.3271  0.0023026
5.3293540823  1.3273  0.0023086
5.3239631582  1.3276  0.0023156
5.3185831295  1.3278  0.0023187
5.3129316757  1.3279  0.0023208
5.307573908  1.3282  0.0013148
5.3022269353  1.3289  0.0013369
5.2966101695  1.3296  0.0013602
5.2912852532  1.3297  0.0023723
5.2859710329  1.3297  0.0013618
5.2803886366  1.3303  0.0013816
5.2750962705  1.3307  0.0013928
5.2698145025  1.331  0.0014037
5.2645433009  1.3314  0.0014135
5.2590060479  1.3318  0.0014257
5.2537564359  1.3321  0.0014339
5.2485172939  1.3323  0.0014424
5.2430136843  1.3327  0.0014537
5.2377959355  1.333  0.0014616
5.2325885616  1.3333  0.00147
5.2273915316  1.3335  0.0014781
5.2219321149  1.3339  0.0014881
5.216756221  1.3341  0.0014954
5.2115905774  1.3344  0.0015023
5.2061640983  1.3347  0.0015122
5.2010193998  1.335  0.0015189
5.1958848592  1.3352  0.0015268
5.1907604464  1.3355  0.0015329
5.1853772362  1.3358  0.0015423
5.1802735184  1.336  0.0015485
5.1751798375  1.3362  0.0015544
5.1698288787  1.3366  0.001563
5.1647557071  1.3368  0.0015694
5.1596924823  1.337  0.0015758
5.1546391753  1.3372  0.0015814
5.149330587  1.3375  0.0015893
5.1442975462  1.3377  0.0015944
5.1392743345  1.3379  0.0015984
5.1339973303  1.3381  0.0016049
5.1289942042  1.3381  0.0016035
5.1240008198  1.3385  0.00064266
5.1190171487  1.3393  0.00066721
5.1137816415  1.3396  0.0016471
5.1088178196  1.3394  0.0016401
5.1038636248  1.3397  0.0006817
5.0986590527  1.3406  0.00070775
5.0937245314  1.3409  0.0016817
5.0887995522  1.3409  0.0016798
5.0836256418  1.3411  0.0016847
5.0787201625  1.3412  0.001687
5.0738241413  1.3413  0.0016882
5.0689375507  1.3418  0.00074285
5.0638039295  1.3424  0.0017172
5.0589366115  1.3424  0.0017181
5.0540786415  1.3426  0.0017214
5.0489750581  1.3428  0.0017284
5.0441361917  1.343  0.001733
5.0393065914  1.3432  0.0017388
5.0344862307  1.3434  0.0017433
5.0294221194  1.3438  0.0017512
5.0246206411  1.344  0.001756
5.0198283219  1.3442  0.0017609
5.0147936412  1.3445  0.0017695
5.0100200401  1.3447  0.0017741
5.0052555183  1.345  0.0017804
5.00050005  1.3452  0.0017859
4.9955040464  1.3455  0.0017939
4.9907670809  1.3457  0.0017995
4.9860390905  1.346  0.001805
4.9810719267  1.3463  0.0018137
4.9763622792  1.3466  0.00182
4.9716615293  1.3469  0.0018268
4.9669696518  1.3472  0.001834
4.962040391  1.3477  0.0018457
4.9573666468  1.3482  0.0018575
4.9527016988  1.3484  0.0027952
4.9478007026  1.3484  0.0027953
4.9431537321  1.3484  0.0027947
4.9385154822  1.3486  0.0027972
4.9338859286  1.3487  0.0027987
4.929022082  1.3491  0.0028046
4.9244103019  1.3492  0.0028073
4.9198071436  1.3494  0.0028105
4.9149710017  1.3498  0.0028172
4.9103854653  1.35  0.0028213
4.9058084772  1.3503  0.002826
4.900999804  1.3508  0.0028362
4.8964402879  1.3512  0.0028453
4.8918892476  1.3514  0.0037709
4.8873466595  1.3513  0.0037653
4.8825740931  1.3516  0.0037682
4.8780487805  1.3516  0.0037677
4.8735318485  1.3518  0.0037678
4.8687862116  1.3521  0.0037737
4.8642864092  1.3523  0.0037749
4.8597949167  1.3526  0.0037791
4.855311711  1.3528  0.0037817
4.8506014746  1.3533  0.0037907
4.8461352072  1.3538  0.0037984
4.841677157  1.3539  0.0047115
4.8369933249  1.3541  0.0047106
4.8325520707  1.3541  0.0047078
4.8281189649  1.3543  0.0047098
4.8236939849  1.3546  0.0047106
4.8190448653  1.3552  0.0047214
4.8146364949  1.3553  0.0056277
4.8102361826  1.3551  0.0056195
4.8056129559  1.3555  0.0056219
4.8012291147  1.3555  0.0056186
4.7968532643  1.3558  0.0056195
4.7924853829  1.356  0.0056191
4.7878961984  1.3567  0.0056292
4.7835446066  1.3568  0.0065284
4.7792009176  1.3566  0.0065199
4.7746371276  1.3569  0.0065219
4.7703095931  1.357  0.0065179
4.7659898961  1.3573  0.006519
4.7616780153  1.3576  0.0065204
4.7571476143  1.3581  0.007421
4.752851711  1.3579  0.007412
4.7485635595  1.3579  0.0074063
4.7440580673  1.3585  0.0074103
4.7397857617  1.3588  0.0074098
4.7355211441  1.3588  0.0082988
4.7310403558  1.3591  0.0082968
4.726791454  1.3591  0.0082905
4.7225501771  1.3596  0.0082916
4.7183165047  1.3595  0.009176
4.7138682002  1.3598  0.0091729
4.709650073  1.3598  0.009165
4.705439488  1.36  0.0091608
4.7010154193  1.3605  0.01005
4.6968202527  1.3603  0.010038
4.6926325669  1.3605  0.010033
4.6884523419  1.3606  0.010028
4.6840601433  1.3612  0.010914
4.6798951703  1.361  0.010902
4.6757375976  1.361  0.010894
4.6713691783  1.3616  0.011778
4.6672267339  1.3613  0.011764
4.6630916298  1.3615  0.011758
4.6589638464  1.3614  0.012629
4.6546266989  1.3617  0.012623
4.6505138818  1.3615  0.01261
4.6464083264  1.3616  0.012601
4.642094513  1.3622  0.01348
4.6380038032  1.3618  0.013464
4.6339202966  1.3622  0.013456
4.6298439743  1.362  0.014323
4.6255608493  1.3625  0.014318
4.6214992143  1.3622  0.015181
4.6174447061  1.3616  0.015162
4.6131844812  1.3622  0.015156
4.6091445428  1.3622  0.015143
4.605111674  1.362  0.016005
4.6008741661  1.3625  0.015998
4.5968557507  1.3621  0.016857
4.5928443485  1.3619  0.01684
4.5888399413  1.3616  0.016822
4.5846323125  1.3622  0.017691
4.580642206  1.3615  0.017668
4.5766590389  1.3611  0.017648
4.5724737083  1.3619  0.017642
4.5685047284  1.3616  0.018497
4.5645426328  1.3615  0.01848
4.5605874037  1.3609  0.019332
4.5564314029  1.3612  0.019318
4.5524902121  1.3606  0.019296
4.5485558335  1.3603  0.019275
4.5444217223  1.3608  0.020136
4.5405012713  1.3599  0.02011
4.5365875788  1.3597  0.02009
4.5326806273  1.3591  0.020066
4.5285753102  1.3598  0.020056
4.5246821411  1.3594  0.020035
4.52079566  1.3588  0.020881
4.5167118338  1.3591  0.020865
4.512839027  1.3584  0.020839
4.508972856  1.3582  0.020819
4.5051133036  1.3575  0.020794
4.5010577486  1.3581  0.020781
4.4972117287  1.3575  0.020757
4.4933722759  1.3569  0.020732
4.4893378227  1.3575  0.02072
4.4855117969  1.3568  0.020695
4.481692287  1.3567  0.020676
4.4778792764  1.3561  0.02065
4.4738725841  1.3567  0.020639
4.4700728622  1.3561  0.020615
4.4662795891  1.3554  0.020589
4.4622936189  1.3559  0.020576
4.4585135316  1.3551  0.020548
4.4547398432  1.355  0.019671
4.4509725375  1.3547  0.019651
4.4470138302  1.3554  0.019643
4.4432595752  1.3549  0.019619
4.4395116537  1.3543  0.019596
4.4355732978  1.3548  0.019585
4.4318383265  1.3541  0.019558
4.42810964  1.3536  0.018682
4.424191479  1.3544  0.018677
4.4204756432  1.3539  0.018655
4.4167660439  1.3537  0.018636
4.4130626655  1.3532  0.017766
4.4091710758  1.3541  0.017763
4.4054804176  1.3537  0.017742
4.4017959327  1.3531  0.017718
4.3979241798  1.3537  0.016869
4.394252318  1.3535  0.016851
4.3905865824  1.3534  0.016836
4.3869269577  1.3532  0.015978
4.3830813062  1.3541  0.015978
4.3794341771  1.3539  0.015962
4.3757931125  1.3536  0.015944
4.3719669479  1.354  0.015937
4.3683382841  1.3537  0.015084
4.3647156388  1.354  0.015077
4.3610989969  1.3539  0.015062
4.3572984749  1.3544  0.015058
4.3536941095  1.354  0.015038
4.3500957021  1.3538  0.014193
4.3463143255  1.3546  0.014194
4.3427281018  1.3544  0.01418
4.3391477914  1.3544  0.014167
4.3355733796  1.3542  0.013327
4.3318171973  1.3551  0.013331
4.3282548476  1.3551  0.013319
4.3246983523  1.355  0.013308
4.3209609817  1.3556  0.013306
4.317416458  1.3554  0.013293
4.3138777447  1.3552  0.013278
4.3101590449  1.3555  0.013272
4.3066322136  1.3554  0.01244
4.3031111494  1.3557  0.012436
4.299595838  1.3557  0.012426
4.2959017098  1.3563  0.012425
4.2923981629  1.3562  0.012413
4.288900326  1.3559  0.0124
4.2852245458  1.3563  0.012395
4.2817383858  1.3561  0.01157
4.2782578934  1.3565  0.011568
4.2747830548  1.3565  0.011558
4.2711314227  1.3571  0.011559
4.2676681461  1.357  0.011547
4.2642104814  1.3568  0.011535
4.2605768821  1.3571  0.011531
4.2571306939  1.357  0.010714
4.2536900761  1.3574  0.010713
4.2502550153  1.3575  0.010705
4.2466451503  1.358  0.010705
4.2432214537  1.358  0.010696
4.2398032731  1.3579  0.010686
4.2362111328  1.3583  0.010684
4.2328042328  1.358  0.010671
4.2294028083  1.3582  0.0098664
4.2260068461  1.3583  0.0098614
4.2224380357  1.359  0.0098637
4.2190532445  1.359  0.0098562
4.2156738755  1.3589  0.0098475
4.2121224885  1.3593  0.0098463
4.2087542088  1.3591  0.0098346
4.2053913117  1.3593  0.0090373
4.2020337844  1.3595  0.0090346
4.1985053321  1.3602  0.0090371
4.1951587868  1.3602  0.0090314
4.1918175721  1.3602  0.0090249
4.188306249  1.3608  0.0090261
4.1849759364  1.3608  0.0090189
4.1816509158  1.3608  0.0090119
4.1781565973  1.3612  0.0090119
4.1748423997  1.3612  0.0090041
4.1715334557  1.3613  0.0089989
4.1682297528  1.3611  0.0089903
4.1647578193  1.3614  0.0089868
4.1614648356  1.3614  0.0081975
4.1581770552  1.3616  0.0081949
4.1547218414  1.3622  0.0081974
4.1514447028  1.3623  0.0081919
4.1481727299  1.3625  0.0081892
4.1449059106  1.3625  0.008183
4.1414727077  1.363  0.0081837
4.1382164287  1.3629  0.008177
4.1349652663  1.3629  0.0081701
4.1315485044  1.3632  0.0081689
4.1283078066  1.363  0.0081594
4.1250721888  1.3632  0.0073825
4.1218416388  1.3635  0.0073811
4.118446522  1.364  0.0073835
4.1152263374  1.3641  0.0073794
4.1120111847  1.3642  0.0073749
4.1086322363  1.3647  0.0073759
4.105427375  1.3647  0.0073709
4.1022275095  1.3649  0.0073681
4.0990326283  1.3649  0.0073625
4.0956749672  1.3653  0.0073625
4.0924902803  1.3653  0.0073563
4.0893105422  1.3652  0.00735
4.0859687832  1.3654  0.0073472
4.0827991671  1.3654  0.0065787
4.0796344648  1.3659  0.0065799
4.0764746647  1.366  0.0065768
4.073153843  1.3665  0.0065782
4.07000407  1.3666  0.0065749
4.0668591647  1.3667  0.0065708
4.0635539843  1.3671  0.0065712
4.0604190352  1.3671  0.0065669
4.0572889195  1.3671  0.0065624
4.0539992703  1.3674  0.0065611
4.0508790408  1.3673  0.0065539
4.0477636106  1.3675  0.005797
4.0446529688  1.3678  0.0057968
4.0413837698  1.3683  0.0057991
4.0382829221  1.3685  0.0057966
4.0351868292  1.3686  0.005794
4.0319329086  1.369  0.0057948
4.0288465412  1.3691  0.0057915
4.0257648953  1.3693  0.0057895
4.0226879601  1.3693  0.0057856
4.0194541581  1.3696  0.005785
4.0163868584  1.3695  0.0057792
4.0133242365  1.3696  0.0050299
4.0101054658  1.3702  0.0050339
4.0070524122  1.3705  0.0050329
4.004004004  1.3707  0.0050324
4.0009602305  1.3709  0.0050308
3.9977612537  1.3713  0.0050315
3.9947269604  1.3715  0.0050293
3.9916972697  1.3716  0.0050272
3.9885130823  1.372  0.0050275
3.9854928062  1.3721  0.0050249
3.9824771008  1.3722  0.0050231
3.9794659557  1.3723  0.0050198
3.9763012446  1.3725  0.0050185
3.9732994278  1.3727  0.0042804
3.97030214  1.3729  0.005015
3.9671519816  1.3732  0.0042781
3.9641639578  1.3735  0.0042786
3.9611804318  1.3738  0.0042787
3.9582013933  1.374  0.0042773
3.9550704003  1.3744  0.0042785
3.9521005414  1.3746  0.0042766
3.9491351394  1.3747  0.0042752
3.9460184674  1.3751  0.0042756
3.9430621821  1.3753  0.0042738
3.9401103231  1.3754  0.0042717
3.937007874  1.3758  0.0042714
3.9340650694  1.3758  0.0042691
3.9311266609  1.376  0.004267
3.9281926386  1.3759  0.0042638
3.9251089218  1.3763  0.0035378
3.922183872  1.3767  0.0035388
3.9192631785  1.377  0.0035387
3.91619346  1.3774  0.0035394
3.913281678  1.3777  0.0035387
3.9103742228  1.3779  0.0035381
3.9074710847  1.3781  0.0035373
3.9044198032  1.3785  0.0035374
3.9015254965  1.3787  0.0035362
3.8986354776  1.3789  0.003535
3.8955979743  1.3793  0.0035347
3.892716727  1.3794  0.003533
3.8898397386  1.3796  0.003532
3.8869669997  1.3797  0.0035298
3.8839476444  1.3799  0.0035283
3.8810835985  1.3802  0.0028121
3.8782237735  1.3807  0.0028136
3.875217981  1.381  0.0035275
3.8723667906  1.3812  0.0028121
3.8695197926  1.3814  0.0035241
3.8666769778  1.3815  0.0028095
3.8636890503  1.382  0.0028102
3.8608547933  1.3823  0.0028096
3.8580246914  1.3825  0.002809
3.8550501157  1.383  0.0028086
3.8522285142  1.3832  0.0028076
3.8494110401  1.3834  0.0028065
3.8464497269  1.3838  0.0028058
3.8436406965  1.384  0.0028046
3.8408357659  1.3843  0.0028036
3.8380349261  1.3845  0.0028023
3.8350910834  1.3848  0.0028011
3.8322986127  1.385  0.0027993
3.8295102056  1.385  0.0027974
3.8265794207  1.3855  0.0020944
3.823799327  1.3858  0.0027954
3.82102327  1.386  0.0020926
3.8182512409  1.3864  0.0020921
3.8153376574  1.3869  0.0020916
3.8125738686  1.3872  0.0020907
3.8098140811  1.3875  0.0020898
3.8069133547  1.3879  0.0020888
3.804161753  1.3882  0.0020876
3.8014141261  1.3886  0.0020862
3.7986704653  1.3888  0.002085
3.7957866768  1.3893  0.0020839
3.7930511303  1.3895  0.0020823
3.7903195239  1.3898  0.0020807
3.787448396  1.3902  0.002079
3.7847248505  1.3905  0.0020775
3.7820052192  1.3908  0.0020756
3.7792894936  1.3911  0.0020739
3.7764350453  1.3915  0.002072
3.7737273105  1.3918  0.0020699
3.7710234558  1.3921  0.0020679
3.7681814756  1.3925  0.0020657
3.7654855594  1.3927  0.0020633
3.7627934979  1.3931  0.0020612
3.7601052829  1.3933  0.0020587
3.7572797295  1.3938  0.0020563
3.7545993842  1.394  0.0020538
3.7519228605  1.3943  0.0020515
3.7491095865  1.3947  0.0020488
3.7464408812  1.395  0.0020459
3.7437759724  1.3953  0.0020432
3.7411148522  1.3955  0.0020407
3.738317757  1.3958  0.0020377
3.7356643879  1.3961  0.001353
3.7330147827  1.3968  0.0013492
3.7302297822  1.3972  0.0020268
3.7275878779  1.3976  0.0013434
3.7249497132  1.3981  0.0020194
3.722176729  1.3983  0.0020161
3.7195462154  1.3985  0.0020133
3.7169194172  1.3986  0.0020105
3.7142963266  1.399  0.0013293
3.7115391753  1.3997  0.0013245
3.7089236704  1.4002  0.0013205
3.7063118491  1.4007  0.0013158
3.7035665346  1.4014  0.0013103
3.7009622502  1.4017  0.0019801
3.6983616258  1.4019  0.001977
3.6957646537  1.4022  0.0019728
3.6930349361  1.4026  0.0019677
3.6904454368  1.4029  0.0019632
3.6878595663  1.4032  0.0019588
3.6851415094  1.4037  0.001953
3.6825630639  1.404  0.0019482
3.679988224  1.4044  0.0019429
3.6774169823  1.4047  0.0019378
3.674714291  1.4052  0.0019313
3.6721504113  1.4056  0.0019259
3.6695901068  1.4059  0.0019204
3.6668989036  1.4064  0.0019135
3.6643459143  1.4068  0.0019073
3.6617964774  1.4072  0.0019011
3.6592505855  1.4076  0.001895
3.656574521  1.4081  0.0018871
3.6540358826  1.4085  0.0018808
3.6515007668  1.4089  0.0018743
3.6488360213  1.4094  0.0018658
3.646308113  1.4098  0.0018588
3.643783705  1.4102  0.0018516
3.6411302068  1.4108  0.0018421
3.6386129607  1.4112  0.0018342
3.6360991928  1.4118  0.0018252
3.6335888958  1.4123  0.0018151
3.6309502197  1.4129  0.0024654
3.6284470247  1.4131  0.0024598
3.6259472787  1.4133  0.0024533
3.6233196855  1.4138  0.0024435
3.6208269969  1.414  0.0024369
3.6183377356  1.4147  0.0017678
3.6158518947  1.4152  0.0024133
3.6132389074  1.4157  0.0024034
3.610760065  1.416  0.0023947
3.6082846215  1.4164  0.0023856
3.6056825557  1.417  0.0023733
3.6032140669  1.4174  0.0023637
3.6007489558  1.4179  0.0023526
3.5982872153  1.4183  0.0023425
3.5956995433  1.4189  0.0023291
3.5932447  1.4193  0.0023181
3.5907932062  1.4198  0.002307
3.5882162977  1.4204  0.0022927
3.5857716581  1.4209  0.002281
3.5833303472  1.4214  0.0022683
3.5808923584  1.4219  0.002256
3.5783296357  1.4225  0.0022398
3.5758984445  1.423  0.0022265
3.5734705546  1.4236  0.0022128
3.5709184402  1.4243  0.0021951
3.5684973058  1.4248  0.0021796
3.5660794523  1.4256  0.0021605
3.563664873  1.4261  0.0027927
3.5611267405  1.4266  0.0027784
3.5587188612  1.427  0.0027657
3.5563142359  1.4274  0.0027516
3.5537865596  1.4281  0.0027329
3.5513885929  1.4285  0.0027178
3.5489938602  1.4291  0.0027008
3.5466023549  1.4296  0.0026847
3.5440884604  1.4303  0.0026638
3.5417035594  1.4309  0.0026466
3.5393218659  1.4314  0.0026287
3.5368182783  1.4322  0.0026057
3.5344431485  1.4328  0.0025871
3.5320712066  1.4334  0.0025674
3.5295778625  1.4342  0.0025418
3.527212444  1.4348  0.0025202
3.5248501939  1.4357  0.0024934
3.5224911057  1.4362  0.0031124
3.520011264  1.4367  0.0030946
3.5176586464  1.4373  0.0024358
3.5153091714  1.4383  0.0024039
3.5128394281  1.4392  0.0030092
3.5104963842  1.4397  0.0029896
3.5081564638  1.4403  0.002965
3.5058196606  1.441  0.002941
3.5033632287  1.4419  0.0029083
3.5010328047  1.4426  0.0028801
3.498705479  1.4435  0.0028478
3.4962590029  1.4444  0.0034463
3.4939380175  1.4449  0.0034244
3.4916201117  1.4456  0.0033957
3.4893052793  1.4463  0.0033671
3.4868719272  1.4473  0.0033278
3.4845633842  1.4482  0.0032913
3.482257896  1.4489  0.0038909
3.4798343599  1.4497  0.0038567
3.4775351231  1.4504  0.0038263
3.4752389227  1.4512  0.0037898
3.4729457526  1.4521  0.0037538
3.4705351565  1.4533  0.0037012
3.4682481878  1.4541  0.0042922
3.4659642312  1.4548  0.0042601
3.4635633139  1.456  0.0042065
3.4612855214  1.4568  0.0047962
3.4590107229  1.4575  0.004759
3.4567389125  1.4584  0.0047166
3.4543507548  1.4595  0.0052916
3.4520850594  1.4601  0.0052584
3.4498223341  1.4609  0.0052189
3.4474437205  1.4621  0.0051592
3.4451870737  1.4631  0.0051069
3.4429333792  1.464  0.0056856
3.4405642525  1.4651  0.0056263
3.4383166002  1.4662  0.005572
3.4360718826  1.4672  0.0061396
3.4338300941  1.4681  0.0060906
3.4314734747  1.4694  0.0066468
3.4292376805  1.4701  0.0066007
3.4270047978  1.4712  0.0065423
3.4246575342  1.4726  0.0070873
3.4224306102  1.4735  0.0070313
3.4202065805  1.4746  0.0075902
3.4179854394  1.4755  0.0075334
3.4156505106  1.477  0.0080728
3.4134352813  1.4779  0.0080127
3.4112229234  1.4789  0.0085759
3.4088972217  1.4804  0.0084842
3.4066907406  1.4813  0.0090436
3.404487114  1.4825  0.0089675
3.4022863364  1.4835  0.0095243
3.3999728002  1.4851  0.0094194
3.3977778533  1.4863  0.0099639
3.3955857385  1.4872  0.010524
3.393281303  1.4888  0.010415
3.3910949846  1.4899  0.010963
3.3889114816  1.4912  0.01087
3.3867307888  1.4924  0.011406
3.3844383525  1.4943  0.011903
3.3822634107  1.4952  0.012453
3.3800912625  1.4963  0.012371
3.3778078027  1.4983  0.012848
3.3756413719  1.4995  0.01338
3.3734777182  1.5006  0.013919
3.3712031824  1.5025  0.0144
3.3690452126  1.5035  0.014946
3.3668900037  1.5049  0.014832
3.3647375505  1.5062  0.015352
3.3624747814  1.5084  0.015806
3.360327968  1.5096  0.016326
3.3581838942  1.5108  0.016849
3.3559299282  1.5131  0.017292
3.3537914612  1.5144  0.017806
3.3516557179  1.5162  0.018282
3.349522693  1.5173  0.019431
3.3472803347  1.5195  0.019871
3.3451528735  1.5207  0.020389
3.3430281149  1.5219  0.020906
3.3407944409  1.5245  0.021312
3.3386752137  1.5259  0.021804
3.3365586734  1.5277  0.022899
3.3344448149  1.5288  0.023418
3.3322225925  1.5317  0.02379
3.3301142229  1.5331  0.024917
3.3280085197  1.5343  0.025426
3.325794865  1.5374  0.025771
3.3236946189  1.5389  0.026879
3.3215970238  1.5408  0.02796
3.3195020747  1.5421  0.028455
3.317299718  1.5454  0.029411
3.3152101843  1.5467  0.030539
3.3131232813  1.5481  0.031023
3.3109293779  1.5517  0.031948
3.3088478592  1.5532  0.033057
3.3067689561  1.5555  0.0341
3.3046926636  1.5569  0.035225
3.3025099075  1.5605  0.03613
3.3004389584  1.5621  0.037233
3.2983706049  1.5637  0.038342
3.2961961896  1.5678  0.039194
3.2941331489  1.5696  0.040934
3.292072689  1.5712  0.042042
3.2899065667  1.5755  0.043521
3.2878513891  1.577  0.045296
3.2857987777  1.5797  0.046296
3.2837487275  1.5813  0.048063
3.2815935418  1.5859  0.049511
3.2795487341  1.5877  0.051271
3.2775064731  1.5894  0.053054
3.2753594707  1.5944  0.054452
3.2733224223  1.5962  0.056896
3.271287906  1.5992  0.058536
3.2692559174  1.6009  0.061019
3.2671197073  1.6061  0.063089
3.2650928919  1.608  0.064864
3.2630685897  1.6097  0.068063
3.2609404552  1.6152  0.070114
3.2589212971  1.6169  0.072644
3.2569046378  1.6204  0.074967
3.2548904729  1.6219  0.078241
3.252772989  1.6282  0.080942
3.2507639295  1.6299  0.084237
3.2487573503  1.6312  0.087597
3.2466478361  1.6378  0.091039
3.2446463335  1.639  0.094466
3.2426472973  1.6424  0.097619
3.2406507227  1.6435  0.10186
3.2385517197  1.6506  0.10531
3.2365601838  1.652  0.10957
3.2345710959  1.6526  0.11474
3.2324799586  1.6598  0.11828
3.2304958811  1.6607  0.12273
3.2285142377  1.6641  0.12764
3.226535024  1.664  0.1331
3.2244542611  1.6719  0.13749
3.2224800206  1.6723  0.14298
3.2205081962  1.6716  0.1495
3.2184351968  1.6796  0.15405
3.2164683178  1.6793  0.15981
3.2145038413  1.6779  0.16664
3.2124385621  1.6863  0.17131
3.2104790035  1.685  0.17828
3.208521834  1.6872  0.18395
3.2065670493  1.6846  0.19126
3.2045119528  1.6934  0.19613
3.2025620496  1.6915  0.2035
3.200614518  1.688  0.21119
3.198567042  1.6969  0.21626
3.1966243647  1.6938  0.22409
3.1946840457  1.6951  0.2304
3.1927460809  1.6903  0.23862
3.1907086564  1.6996  0.24395
3.1887755102  1.6955  0.25226
3.1868447051  1.6898  0.2599
3.184814803  1.6995  0.26543
3.1828887899  1.6942  0.27421
3.1809651048  1.694  0.28133
3.1790437436  1.6867  0.28953
3.1770237641  1.6961  0.29546
3.1751071599  1.6897  0.30263
3.1731928667  1.6818  0.31116
3.1711803133  1.692  0.31615
3.1692707508  1.6844  0.32483
3.1673634866  1.6833  0.33155
3.1654585167  1.674  0.33948
3.1634557591  1.6844  0.3459
3.1615554853  1.6755  0.35396
3.1596574931  1.6652  0.36108
3.157662067  1.6761  0.3665
3.1557687453  1.6661  0.37493
3.1538776926  1.6638  0.38114
3.151988905  1.6524  0.38865
3.15000315  1.6636  0.39435
3.1481189989  1.653  0.40191
3.1462371004  1.6407  0.40974
3.1442585838  1.652  0.41437
3.1423812965  1.6405  0.42222
3.1405062496  1.6273  0.42905
3.1385349319  1.6388  0.43384
3.136664471  1.6261  0.44071
3.1347962382  1.6231  0.44627
3.1329302296  1.6084  0.45487
3.1309684085  1.6203  0.45707
3.1291069529  1.6076  0.46553
3.1272477093  1.5926  0.47153
3.1252929962  1.6052  0.47516
3.1234382809  1.591  0.48256
3.1215857656  1.5866  0.48865
3.1197354464  1.57  0.49502
3.1177901104  1.5829  0.49733
3.1159442869  1.5686  0.50493
3.1141006477  1.5518  0.51143
3.1121623304  1.5645  0.51385
3.1103231626  1.5487  0.52029
3.1084861672  1.5441  0.5252
3.1066513405  1.5262  0.53199
3.1047222826  1.5391  0.53451
3.1028918952  1.5227  0.54117
3.1010636648  1.5043  0.54656
3.0991415378  1.517  0.54918
3.0973177229  1.499  0.55457
3.0954960532  1.4931  0.55827
3.0936765252  1.4735  0.56391
3.0917635419  1.4865  0.56497
3.0899483979  1.4689  0.57038
3.0881353839  1.4485  0.57619
3.0862292451  1.461  0.5757
3.0844205916  1.4422  0.57966
3.0826140567  1.4355  0.58359
3.0808096368  1.4137  0.58799
3.0789125281  1.4266  0.58576
3.0771124377  1.4084  0.58967
3.0753144509  1.3876  0.59394
3.0734241018  1.4002  0.59345
3.0716304214  1.3806  0.59587
3.0698388335  1.3592  0.59852
3.0679552079  1.3722  0.59627
3.0661679034  1.3519  0.59878
3.0643826801  1.3446  0.59943
3.0625995345  1.3221  0.60225
3.0607247796  1.3344  0.59836
3.0589458872  1.3147  0.59906
3.0571690614  1.2934  0.59996
3.0553009471  1.3062  0.59601
3.053528352  1.2857  0.59679
3.0517578125  1.278  0.59577
3.049989325  1.2559  0.59505
3.0481299723  1.2689  0.58942
3.0463656857  1.2494  0.59004
3.0446034404  1.2283  0.58747
3.0427506466  1.2413  0.58189
3.04099258  1.2213  0.58086
3.0392365438  1.2144  0.57638
3.0374825345  1.1945  0.57366
3.0356383948  1.2075  0.5682
3.0338885349  1.1892  0.56527
3.0321406913  1.1697  0.56249
3.0303030303  1.1827  0.55389
3.0285593143  1.1651  0.55087
3.026817604  1.1595  0.54636
3.0250778958  1.141  0.54183
3.0232487831  1.1547  0.53342
3.0215131738  1.1392  0.53017
3.0197795561  1.1224  0.52547
3.0179568432  1.1364  0.51726
3.0162273029  1.1215  0.51393
3.0144997438  1.1058  0.50915
3.0126833971  1.1191  0.50123
3.010959894  1.1044  0.49638
3.0092383618  1.1013  0.49034
3.007518797  1.0869  0.48546
3.0057108506  1.1008  0.47781
3.0039953138  1.0885  0.47278
3.0022817341  1.0755  0.46926
3.0004800768  1.0884  0.46194
2.9987705041  1.0763  0.45549
2.9970628784  1.0752  0.45098
2.9953571963  1.0628  0.44742
2.9935638377  1.0762  0.44037
2.991862135  1.0651  0.43673
2.9901623658  1.0537  0.43169
2.9883752204  1.0667  0.42627
2.9866794098  1.0554  0.42128
2.9849855228  1.0544  0.41558
2.9832935561  1.044  0.41188
2.9815146094  1.0567  0.40673
2.9798265741  1.0472  0.40167
2.9781404491  1.0372  0.39929
2.9763676409  1.0494  0.39302
2.974685427  1.0395  0.38931
2.9730051136  1.0386  0.38515
2.9713266974  1.0285  0.38144
2.9695619896  1.0403  0.37673
2.9678874577  1.0309  0.37301
2.9662148133  1.0212  0.36928
2.9644561705  1.0322  0.36348
2.9627873904  1.0239  0.3572
2.961120488  1.0238  0.35568
2.9594554602  1.0142  0.35196
2.9577048211  1.0247  0.34765
2.9560436312  1.0167  0.34143
2.9543843063  1.0089  0.34012
2.9526396599  1.0188  0.33597
2.9509841532  1.0093  0.33224
2.949330502  1.008  0.32716
2.947678703  0.99945  0.3234
2.9459419649  1.0094  0.31825
2.9442939583  1.0015  0.3145
2.9426477945  0.99335  0.31073
2.9409169779  1.0024  0.30576
2.939274587  0.99455  0.30084
2.9376340296  0.98729  0.2959
2.9359091043  0.99673  0.29112
2.9342723005  0.98893  0.28737
2.9326373207  0.98745  0.28256
2.931004162  0.98038  0.27653
2.9292870115  0.98931  0.272
2.9276575812  0.98241  0.26715
2.9260299625  0.9764  0.26121
2.9243186338  0.98511  0.25687
2.9226947245  0.97846  0.25206
2.9210726179  0.97811  0.24642
2.9194523107  0.97248  0.24167
2.9177486651  0.9805  0.23649
2.9161320425  0.97487  0.23179
2.9145172102  0.96981  0.22605
2.9128193178  0.9774  0.22108
2.9112081514  0.97216  0.21541
2.9095987663  0.97218  0.2101
2.9079911597  0.96817  0.20353
2.9063008603  0.97594  0.19889
2.9046968949  0.972  0.19344
2.9030946989  0.96867  0.18805
2.9014100853  0.97585  0.18261
2.8998115123  0.97233  0.1773
2.8982146997  0.97325  0.17146
2.8966196449  0.97108  0.16538
2.8949425354  0.97853  0.16034
2.8933510792  0.97647  0.15534
2.8917613719  0.97524  0.14952
2.8900898818  0.98226  0.14561
2.8885037551  0.98077  0.13989
2.8869193683  0.98007  0.13521
2.8852534695  0.98686  0.13059
2.8836726455  0.98585  0.12597
2.8820935528  0.98821  0.12095
2.8805161885  0.98831  0.11656
2.8788576693  0.99479  0.11306
2.8772838441  0.99444  0.1087
2.8757117387  0.99465  0.10446
2.8740587458  1.0009  0.10027
2.8724901617  1.0013  0.096155
2.8709232889  1.0041  0.09243
2.8693581246  1.0052  0.088496
2.8677124258  1.0111  0.086107
2.8661507595  1.0118  0.082197
2.8645907932  1.013  0.079177
2.8629505568  1.0185  0.076078
2.8613940712  1.0194  0.073083
2.859839277  1.0224  0.069677
2.8582861716  1.0238  0.067564
2.8566531452  1.0289  0.064557
2.8551034975  1.0304  0.061776
2.8535555302  1.032  0.059762
2.8519279033  1.0367  0.057528
2.8503833766  1.0381  0.0548
2.8488405219  1.0408  0.05302
2.8472993366  1.0424  0.050373
2.8456788367  1.0469  0.048911
2.8441410694  1.0484  0.046297
2.8426049632  1.0504  0.044472
2.8409898008  1.0547  0.043031
2.8394570958  1.0563  0.04118
2.8379260436  1.0587  0.04015
2.8363966417  1.06  0.038283
2.8347885248  1.064  0.036174
2.8332625018  1.0657  0.035069
2.8317381209  1.0675  0.033314
2.8301352805  1.0711  0.03252
2.8286142619  1.0727  0.03075
2.8270948773  1.0751  0.02978
2.8255771241  1.0766  0.02868
2.8239812488  1.0799  0.027215
2.822466836  1.0815  0.026155
2.8209540467  1.0832  0.025103
2.8193633877  1.0863  0.024267
2.8178539225  1.0877  0.023193
2.8163460726  1.0893  0.022143
2.8147606046  1.0921  0.02129
2.8132560626  1.0936  0.02023
2.8117531281  1.0955  0.019259
2.8102517986  1.0971  0.018238
2.8086731828  1.0999  0.017399
2.8071751397  1.1014  0.01698
2.8056786937  1.1028  0.015945
2.80410521  1.1054  0.015085
2.8026120344  1.1068  0.014665
2.8011204482  1.1085  0.013683
2.7996304488  1.1101  0.012699
2.7980637399  1.1124  0.012421
2.7965769898  1.1139  0.011423
2.7950918188  1.1155  0.011043
2.7935301841  1.1175  0.010722
2.7920482466  1.1189  0.0097189
2.7905678806  1.1206  0.0093557
2.7890890835  1.1222  0.0083953
2.7875341473  1.1242  0.0086715
2.786058563  1.1253  0.0082214
2.78458454  1.1266  0.0072308
2.783034621  1.1286  0.0069102
2.7815637952  1.1299  0.006501
2.7800945232  1.1313  0.0061075
2.7786268026  1.1325  0.0056845
2.7770835069  1.1342  0.0047624
2.775618963  1.1357  0.0043843
2.774155963  1.1372  0.0039995
2.7726176283  1.1389  0.0036519
2.7711577897  1.1403  0.0032704
2.7696994876  1.1416  0.0034328
2.76816609  1.1429  0.0030378
2.766710934  1.1441  0.0026224
2.7652573072  1.1454  0.0022252
2.763805207  1.1468  0.0018335
2.7622783272  1.148  0.0019943
2.7608293531  1.1492  0.0010284
2.7593818985  1.1506  0.0011951
2.7578599007  1.1518  0.00079447
2.7564155572  1.1531  0.00039977
2.7549727258  1.1543  0.00054401
2.753531404  1.1553  0.00011963
2.7520158516  1.1566  0.0
2.7505776213  1.1579  0.0
2.7491408935  1.1591  0.0
2.747630169  1.1603  0.0
2.7461965178  1.1615  0.0
2.744764362  1.1625  0.0
2.7433336991  1.1636  0.0
2.7418293485  1.1647  0.0
2.7404017429  1.1658  0.0
2.7389756231  1.1668  0.0
2.7374760471  1.168  0.0
2.73605297  1.1692  0.0
2.7346313717  1.1702  0.0
2.7332112499  1.1711  0.0
2.7317179774  1.1719  0.0
2.7303008792  1.1731  0.0
2.7288852504  1.1743  0.0
2.7273966998  1.1753  0.0
2.7259840803  1.1762  0.0
2.7245729232  1.177  0.0
2.7231632264  1.1778  0.0
2.7216809101  1.1787  0.0
2.7202742036  1.1795  0.0
2.7188689505  1.1801  0.0
2.7173913043  1.1808  0.0
2.7159890274  1.1815  0.0
2.714588197  1.1824  0.0
2.7131888108  1.1834  0.0
2.7117173306  1.1843  0.0
2.710320902  1.1852  0.0
2.7089259109  1.1858  0.0
2.7074590497  1.1867  0.0
2.7060670022  1.1877  0.0
2.7046763855  1.1886  0.0
2.7032141216  1.1893  0.0
2.7018264347  1.19  0.0
2.7004401717  1.1907  0.0
2.6990553306  1.1917  0.0
2.6975991368  1.1924  0.0
2.6962172073  1.1932  0.0
2.6948366929  1.1939  0.0
2.6933850463  1.1944  0.0
2.6920074299  1.1951  0.0
2.6906312221  1.196  0.0
2.6892564206  1.1968  0.0
2.6878107781  1.1973  0.0
2.6864388567  1.198  0.0
2.685068335  1.1987  0.0
2.6836271905  1.1991  0.0
2.6822595354  1.1998  0.0
2.6808932736  1.2006  0.0
2.679528403  1.2013  0.0
2.6780931976  1.2018  0.0
2.6767311759  1.2025  0.0
2.6753705388  1.2031  0.0
2.6739397829  1.2035  0.0
2.6725819815  1.2042  0.0
2.6712255583  1.2051  0.0
2.6698705113  1.2055  0.0
2.6684456304  1.2057  0.0
2.6670934016  1.2065  0.0
2.6657425426  1.2072  0.0
2.6643220633  1.2074  0.0
2.6629740094  1.2079  0.0
2.6616273189  1.2088  0.0
2.6602112208  1.2094  0.0
2.6588673225  1.2099  0.0
2.6575247814  1.2103  0.0
2.6561835954  1.211  0.0
2.6547732824  1.2114  0.0
2.6534348714  1.212  0.0
2.6520978094  1.2125  0.0
2.6506918306  1.2128  0.0
2.6493575308  1.2134  0.0
2.6480245737  1.2141  0.0
2.6466929572  1.2148  0.0
2.6452927016  1.215  0.0
2.6439638306  1.2154  0.0
2.642636294  1.2161  0.0
2.6412403265  1.2165  0.0
2.6399155227  1.217  0.0
2.6385920473  1.2175  0.0
2.6372698982  1.218  0.0
2.635879593  1.2182  0.0
2.6345601602  1.2188  0.0
2.6332420476  1.2194  0.0
2.6318559848  1.2197  0.0
2.6305405761  1.2202  0.0
2.6292264816  1.2206  0.0
2.6279136993  1.2212  0.0
2.6265332388  1.2216  0.0
2.625223144  1.2221  0.0
2.6239143554  1.2226  0.0
2.6225380924  1.223  0.0
2.621231979  1.2236  0.0
2.619927166  1.2238  0.0
2.6186236514  1.2242  0.0
2.6172529313  1.2246  0.0
2.6159520758  1.2249  0.0
2.6146525127  1.2251  0.0
2.6132859457  1.2256  0.0
2.6119890296  1.2262  0.0
2.6106934002  1.2267  0.0
2.6093309675  1.227  0.0
2.608037973  1.2275  0.0
2.6067462593  1.2279  0.0
2.6054558245  1.2282  0.0
2.6040988516  1.2284  0.0
2.6028110359  1.2287  0.0
2.6015244934  1.2291  0.0
2.6001716113  1.2295  0.0
2.5988876761  1.2301  0.0
2.5976050082  1.2305  0.0
2.5963236058  1.2311  0.0
2.5949761262  1.2314  0.0
2.5936973155  1.2313  0.0
2.5924197646  1.2315  0.0
2.5910763331  1.232  0.0
2.5898013622  1.2325  0.0
2.5885276455  1.2329  0.0
2.587255181  1.2333  0.0
2.5859170955  1.2336  0.0
2.5846471957  1.2341  0.0
2.5833785425  1.2343  0.0
2.5820444628  1.2344  0.0
2.5807783628  1.2349  0.0
2.5795135038  1.2352  0.0
2.578249884  1.2356  0.0
2.5769210947  1.2358  0.0
2.5756600129  1.2362  0.0
2.5744001648  1.2366  0.0
2.5730753396  1.2368  0.0
2.5718180182  1.2372  0.0
2.5705619248  1.2375  0.0
2.5693070579  1.2379  0.0
2.5679874682  1.2381  0.0
2.5667351129  1.2384  0.0
2.5654839786  1.2388  0.0
2.564168312  1.239  0.0
2.5629196781  1.2393  0.0
2.5616722597  1.2397  0.0
2.5603604988  1.2399  0.0
2.5591155697  1.2402  0.0
2.5578718506  1.2405  0.0
2.5566293399  1.2408  0.0
2.5553227373  1.241  0.0
2.5540827012  1.2413  0.0
2.5528438681  1.2417  0.0
2.5515411308  1.2418  0.0
2.5503047614  1.2422  0.0
2.5490695896  1.2424  0.0
2.5478356136  1.2427  0.0
2.5465379816  1.2429  0.0
2.5453064549  1.2432  0.0
2.5440761188  1.2435  0.0
2.5427823124  1.2436  0.0
2.5415544147  1.2439  0.0
2.5403277023  1.2443  0.0
2.5391021735  1.2447  0.0
2.53781342  1.2447  0.0
2.5365903153  1.2449  0.0
2.535368389  1.2452  0.0
2.534083422  1.2456  0.0
2.5328639092  1.2459  0.0
2.5316455696  1.2461  0.0
2.5304284015  1.2466  0.0
2.5291484357  1.2467  0.0
2.527933667  1.2469  0.0
2.5267200647  1.2473  0.0
2.5254438468  1.2475  0.0
2.5242326333  1.2479  0.0
2.5230225811  1.2482  0.0
2.5218136884  1.2486  0.0
2.5205424207  1.2488  0.0
2.5193359031  1.2491  0.0
2.5181305399  1.2493  0.0
2.516862982  1.2495  0.0
2.5156599834  1.2498  0.0
2.5144581343  1.25  0.0
2.5131942699  1.2501  0.0
2.5119947751  1.2506  0.0
2.5107964246  1.2509  0.0
2.509599217  1.2513  0.0
2.5083402313  1.2516  0.0
2.5071453643  1.2521  0.0
2.5059516351  1.2525  0.0
2.5046963056  1.2526  0.0
2.5035049069  1.2531  0.0
2.502314641  1.2539  0.0
2.5011255065  1.2542  0.0
