hudgins1993
100
pe
wavel  n  k
199.389867007  1.6603  -0.04408
192.0049153258  1.6976  -0.12091
185.1474699598  1.7437  -0.050438
178.7629603146  1.743  0.0
172.8040920009  1.7351  0.0
167.2296732332  1.7431  -0.045701
162.0036612827  1.7546  0.0
157.0943823049  1.7601  -0.028799
152.4738888465  1.7711  0.0
148.1174274965  1.7777  0.0
144.0050689784  1.7802  0.0024422
140.1129310224  1.78  0.01217
136.4256480218  1.7818  0.011958
132.9274614843  1.7882  0.018476
129.6041888074  1.7887  0.040841
126.4430310923  1.7674  0.069854
123.4324084132  1.7536  0.026603
120.5618180722  1.7683  0.0085156
117.8217121851  1.7806  0.02277
115.2033915878  1.7855  0.024117
112.6989135825  1.7953  0.023468
110.3010114603  1.7931  0.054011
108.0030240847  1.7852  0.036029
105.7988340968  1.8027  0.008795
103.6828135368  1.8176  0.042448
101.6497758622  1.8235  0.036228
99.6909580301  1.8305  0.055775
97.8090766823  1.8363  0.052853
96.0061443932  1.8458  0.066147
94.2595909134  1.8472  0.085858
92.5754489909  1.8512  0.080967
90.9504320146  1.8559  0.10413
89.3814801573  1.8496  0.11649
87.8657411475  1.8525  0.10065
86.4005529635  1.8602  0.11617
84.9834282315  1.881  0.093929
83.6190316916  1.8974  0.15178
82.2909809085  1.8921  0.17217
81.004455245  1.8864  0.19078
79.7575370873  1.8829  0.20053
78.5484251041  1.8804  0.21937
77.3754255648  1.8746  0.23692
76.2369444233  1.8659  0.25457
75.1314800902  1.854  0.26986
74.0576168259  1.8427  0.27702
73.0140186916  1.8297  0.29224
72.0046082949  1.8152  0.28936
71.0176834032  1.8113  0.286
70.0574471066  1.8073  0.29808
69.1228312712  1.7999  0.30427
68.2128240109  1.791  0.3132
67.3264660338  1.7853  0.31015
66.4628472684  1.7764  0.32882
65.621103747  1.7672  0.31908
64.8004147227  1.7645  0.32655
64.0040962622  1.7564  0.3326
63.2231143706  1.7509  0.3344
62.4609618988  1.7432  0.34264
61.716965994  1.7351  0.34139
60.9904854843  1.7285  0.34348
60.2809090361  1.7244  0.33915
59.5876534382  1.7229  0.34135
58.9101620029  1.7211  0.34349
58.2479030755  1.7213  0.34414
57.6003686424  1.7208  0.35383
56.9703184641  1.7204  0.35113
56.3507269244  1.7263  0.36242
55.7444673616  1.7189  0.39293
55.1511140525  1.7079  0.38809
54.5702592087  1.7045  0.39563
54.0015120423  1.6997  0.40558
53.4444978889  1.6927  0.41598
52.8988573847  1.6868  0.4217
52.364245693  1.6771  0.44013
51.8403317781  1.6671  0.44061
51.3294322965  1.6563  0.45193
50.8259212198  1.6473  0.45526
50.3321924703  1.64  0.46136
49.8479637107  1.6311  0.4731
49.3729633653  1.6205  0.48119
48.906930112  1.6095  0.49152
48.4496124031  1.5965  0.5024
48.0007680123  1.5813  0.51312
47.560163607  1.5664  0.52066
47.1297954567  1.5471  0.53197
46.7049647378  1.5274  0.54137
46.2877244955  1.5045  0.5479
45.8778731018  1.4782  0.55586
45.4752160073  1.4488  0.55443
45.079565433  1.4234  0.54288
44.6907400787  1.3988  0.5409
44.3085648456  1.3729  0.52726
43.9328705738  1.3506  0.51125
43.5634937922  1.3324  0.49135
43.2002764818  1.3175  0.47592
42.8449014567  1.3039  0.45228
42.4935197382  1.2958  0.43911
42.1478546742  1.2864  0.42201
41.8077678833  1.2794  0.40547
41.4731254147  1.273  0.39217
41.1437975725  1.2674  0.37652
40.8196587477  1.2617  0.36546
40.5005872585  1.2571  0.34782
40.1864651985  1.2552  0.33605
39.8787685436  1.2508  0.32403
39.5741818038  1.248  0.3127
39.274212552  1.2446  0.29968
38.9787565777  1.2436  0.28423
38.6877127824  1.2424  0.27622
38.4009830652  1.2427  0.25892
38.1184722116  1.2439  0.25376
37.840087789  1.242  0.24429
37.5657400451  1.2421  0.23156
37.2967328062  1.2416  0.22313
37.0301795964  1.2426  0.21167
36.7674093683  1.2424  0.20538
36.5083421562  1.2421  0.19255
36.252900232  1.244  0.18149
36.0010080282  1.2463  0.17246
35.7525920629  1.2488  0.16265
35.5075808685  1.2511  0.15486
35.2659049231  1.2551  0.14344
35.0287235533  1.2581  0.13858
34.7935005741  1.2628  0.12741
34.5614156356  1.2693  0.12345
34.3324063584  1.2665  0.1324
34.1064120055  1.2647  0.10832
33.8833734287  1.27  0.10389
33.6632330169  1.2739  0.094448
33.4459346466  1.2774  0.090349
33.2314236342  1.2805  0.081268
33.0196466898  1.2852  0.073981
32.8116284411  1.2895  0.067668
32.605151614  1.2946  0.060647
32.4012571688  1.2991  0.05616
32.1998969603  1.3049  0.047045
32.0010240328  1.3103  0.045844
31.8045925832  1.3157  0.037042
31.6105579263  1.3215  0.035951
31.418876461  1.3263  0.029684
31.2295056369  1.3322  0.025739
31.0424039238  1.3378  0.021876
30.858482997  1.3438  0.017373
30.6757876008  1.3496  0.015161
30.4952427421  1.3557  0.010112
30.3168106715  1.3624  0.0079575
30.1404545181  1.3688  0.0051525
29.9661382638  1.3758  0.0024087
29.7938267191  1.3832  0.00107
29.6234854993  1.3906  0.00042266
29.4550810015  1.3969  0.0025841
29.2894382286  1.4028  0.0016513
29.124799767  1.4086  0.0039672
28.9620018536  1.4136  0.0049576
28.8010137957  1.4181  0.0072542
28.6418055794  1.4217  0.008831
28.4843478509  1.4255  0.009133
28.328611898  1.4289  0.011344
28.1745696334  1.4319  0.011622
28.0221935773  1.4347  0.013122
27.871456841  1.4378  0.012165
27.7231016606  1.4417  0.012419
27.5755570263  1.445  0.01452
27.4295745673  1.4484  0.014162
27.2851296044  1.4515  0.016758
27.1421979752  1.4544  0.016389
27.0007560212  1.4577  0.018393
26.8607805743  1.4605  0.019754
26.7222489445  1.463  0.021721
26.5851389074  1.4649  0.023628
26.4494286923  1.4671  0.023798
26.3157894737  1.4688  0.02628
26.182808368  1.4707  0.025876
26.0511644871  1.4728  0.027704
25.9208377615  1.4743  0.028411
25.7918085216  1.4763  0.028593
25.6640574875  1.4782  0.029824
25.5375657592  1.4804  0.029395
25.4123148078  1.4828  0.031136
25.2882864657  1.4851  0.031282
25.1660962352  1.4874  0.032987
25.0444539057  1.4893  0.034682
24.9239818553  1.4912  0.035344
24.8046632767  1.493  0.037534
24.6864816826  1.4947  0.038131
24.5694208987  1.496  0.040861
24.453465056  1.4973  0.040411
24.3385985835  1.4986  0.043053
24.2248062016  1.4999  0.042595
24.112654321  1.5016  0.043699
24.0009600384  1.503  0.045264
23.8902957619  1.5046  0.045291
23.7806473092  1.506  0.047375
23.6720007575  1.5077  0.046885
23.564342437  1.5097  0.04887
23.4576589256  1.5113  0.049901
23.3519370432  1.5128  0.05187
23.247163846  1.5139  0.053347
23.1433266218  1.5153  0.053858
23.0404128842  1.5167  0.056266
22.9389365509  1.5176  0.056744
22.8378285793  1.5186  0.059169
22.7376080036  1.5195  0.059145
22.6382631924  1.5207  0.061014
22.5397827165  1.5217  0.061491
22.4421553446  1.5228  0.062857
22.3453700393  1.5239  0.06375
22.2494159528  1.5253  0.064181
22.1542824228  1.5268  0.065962
22.060445621  1.5276  0.066834
21.9669178218  1.5292  0.067694
21.8741797183  1.5305  0.069442
21.7822213509  1.5318  0.070258
21.691032927  1.5333  0.072007
21.6006048169  1.5343  0.073722
21.5109275512  1.535  0.075484
21.4219918168  1.536  0.075826
21.3337884542  1.5374  0.077033
21.2463084539  1.5387  0.078714
21.1599906896  1.5395  0.07994
21.0739273371  1.5407  0.081119
20.9885612341  1.5421  0.081874
20.9038839416  1.5436  0.083454
20.8198871562  1.5452  0.084614
20.7365627074  1.5466  0.086604
20.6539025549  1.5482  0.087702
20.5718987863  1.55  0.089671
20.4905436141  1.5517  0.092024
20.4102459435  1.5528  0.09401
20.3301618281  1.5544  0.096328
20.250703712  1.5558  0.098681
20.1718642837  1.557  0.10141
20.0936363454  1.5582  0.10374
20.0160128102  1.5594  0.10686
19.9389867007  1.5602  0.11001
19.8625511461  1.5611  0.11273
19.7866993807  1.562  0.11665
19.7118132897  1.5615  0.12028
19.637106276  1.5615  0.12343
19.5629633977  1.5609  0.127
19.4893782888  1.5605  0.12933
19.416344679  1.5597  0.13331
19.3438563912  1.5587  0.13567
19.2719073407  1.5574  0.13929
19.2004915326  1.5557  0.14167
19.1296030607  1.5539  0.14408
19.0592361058  1.5523  0.14602
18.9897455374  1.55  0.14763
18.9204018693  1.5481  0.14961
18.8515627946  1.546  0.14974
18.7832228254  1.5445  0.15022
18.7153765534  1.5435  0.15005
18.648018648  1.5423  0.15198
18.5811438552  1.5405  0.15208
18.514746996  1.5398  0.1506
18.4488229651  1.5398  0.15178
18.3837046842  1.5387  0.1516
18.3187088974  1.5388  0.15172
18.2541710781  1.5393  0.15136
18.1900864029  1.5387  0.15489
18.126450116  1.538  0.1528
18.0632575279  1.538  0.15474
18.0005040141  1.5375  0.15432
17.9381850144  1.5377  0.15439
17.8762960315  1.5386  0.15399
17.8148326296  1.5387  0.15716
17.7537904343  1.5384  0.15709
17.6934781839  1.538  0.15705
17.6332633881  1.5384  0.15831
17.5734570505  1.5383  0.1584
17.5140550292  1.539  0.15804
17.4550532379  1.5399  0.15962
17.3964476454  1.5402  0.1611
17.3382342742  1.5397  0.16282
17.2804092001  1.54  0.16125
17.2229685509  1.5407  0.16424
17.1662031792  1.5402  0.16297
17.1095180249  1.5416  0.16409
17.0532060027  1.5422  0.16565
16.9972634406  1.542  0.16729
16.9416867143  1.5425  0.16612
16.8864722471  1.5439  0.16738
16.8316165084  1.5447  0.16909
16.7771160138  1.545  0.17065
16.7229673233  1.5461  0.17073
16.6694449075  1.5465  0.17247
16.6159879036  1.5476  0.17409
16.5628726646  1.5478  0.1762
16.5100959237  1.5485  0.17595
16.4576544551  1.5493  0.17877
16.4055450742  1.5502  0.17866
16.3537646366  1.5507  0.18255
16.3023100373  1.5506  0.18278
16.2511782104  1.5517  0.18318
16.2003661283  1.5529  0.18588
16.1501316236  1.5532  0.18601
16.0999484802  1.5545  0.18922
16.0500762379  1.5555  0.18943
16.0005120164  1.5566  0.19262
15.9512529709  1.5573  0.19435
15.9022962916  1.5584  0.196
15.8536392029  1.5589  0.1996
15.8052789632  1.5594  0.20001
15.7572128642  1.5614  0.20207
15.7096850208  1.5617  0.20564
15.6621977196  1.5628  0.20762
15.6149966428  1.5638  0.21013
15.5680792104  1.5652  0.21254
15.5214428733  1.5666  0.21661
15.475085113  1.5672  0.22093
15.4290034407  1.5669  0.22593
15.3831953973  1.566  0.22939
15.337658553  1.565  0.23265
15.2923905065  1.5647  0.23527
15.2476213711  1.5628  0.23908
15.2028824665  1.5614  0.24213
15.1584053358  1.5599  0.24246
15.114187688  1.5598  0.24297
15.070227259  1.5605  0.2442
15.026521811  1.5635  0.24431
14.9830691319  1.5615  0.25921
14.9398670352  1.5582  0.25178
14.8969133596  1.5599  0.25399
14.8542059684  1.5618  0.25591
14.8119621406  1.5618  0.25957
14.7697397572  1.5613  0.26296
14.7277574044  1.5962  0.25984
14.6963729352  1.5391  0.27621
14.6548060436  1.5669  0.27552
14.6134736227  1.5651  0.28038
14.572373694  1.5642  0.28504
14.531715469  1.5624  0.287
14.4910734987  1.563  0.29138
14.4506582275  1.5625  0.29594
14.4104677638  1.5618  0.30058
14.3705002371  1.5608  0.30523
14.3307537976  1.5596  0.30992
14.291226616  1.5582  0.31468
14.2519168828  1.5566  0.31946
14.2128228087  1.5546  0.32435
14.1739426239  1.5527  0.3292
14.1354743865  1.5494  0.33143
14.0970156618  1.5489  0.336
14.0587656404  1.5471  0.34081
14.020722628  1.5451  0.34572
13.9828849488  1.5427  0.35067
13.9452509448  1.54  0.35572
13.9078189758  1.5365  0.36098
13.8705874194  1.5335  0.36316
13.8335546702  1.5322  0.36791
13.7969094923  1.5279  0.37335
13.7602686004  1.5249  0.37853
13.7238218099  1.522  0.38068
13.6875675824  1.5184  0.38895
13.6515043958  1.5138  0.39158
13.6156307441  1.5094  0.39712
13.579945137  1.5046  0.39981
13.5444460999  1.5012  0.40213
13.5091321733  1.4978  0.40743
13.4740019133  1.4938  0.41294
13.4392345012  1.4869  0.41619
13.4044663682  1.4835  0.41856
13.3698776656  1.4787  0.42429
13.3354670081  1.473  0.42724
13.3012330243  1.4678  0.43011
13.2671743572  1.463  0.43286
13.2332896635  1.4587  0.43548
13.1995776135  1.4536  0.44137
13.1660368912  1.4473  0.44455
13.1326661939  1.4423  0.44741
13.0996358301  1.4345  0.45105
13.0666004626  1.4284  0.45423
13.0337312966  1.4222  0.45436
13.0010270811  1.4167  0.45735
12.9684865776  1.4101  0.46073
12.9361085598  1.4039  0.46086
12.9038918138  1.3982  0.46398
12.8718351375  1.391  0.46754
12.8399373411  1.3847  0.46772
12.8083612983  1.3769  0.46838
12.7767769303  1.3711  0.47153
12.745347948  1.3636  0.47209
12.7140732076  1.3568  0.47244
12.6829515765  1.3506  0.47259
12.651981933  1.3431  0.47635
12.6211631664  1.3354  0.4738
12.5904941769  1.3292  0.47401
12.5599738753  1.3226  0.4743
12.5296011828  1.3171  0.47426
12.4995312676  1.3086  0.47517
12.4694498479  1.3024  0.47535
12.4395128687  1.2946  0.47607
12.4097192921  1.2874  0.47335
12.3800680904  1.281  0.47361
12.3505582452  1.2732  0.47429
12.3211887483  1.2658  0.47165
12.2919586007  1.2582  0.47231
12.262866813  1.2511  0.46954
12.2340620756  1.2421  0.46739
12.2052433726  1.2365  0.46415
12.1765601218  1.229  0.46474
12.1480113705  1.2221  0.45869
12.1195961751  1.216  0.45886
12.0913136003  1.2086  0.45619
12.06316272  1.2016  0.45337
12.0351426164  1.1947  0.4505
12.0072523804  1.1878  0.44767
11.9794911112  1.1818  0.44452
11.9520007649  1.1726  0.44235
11.9244941033  1.1667  0.4359
11.8971137602  1.161  0.43266
11.8698588674  1.1547  0.42962
11.8427285647  1.1474  0.42679
11.8157219997  1.1408  0.42056
11.7888383279  1.1343  0.41749
11.7620767123  1.128  0.41112
11.7354363235  1.1227  0.40775
11.7090534401  1.1146  0.40184
11.6826524294  1.1102  0.39496
11.6563702063  1.1046  0.3916
11.6302059709  1.0986  0.38512
11.6041589306  1.0939  0.37832
11.5782282995  1.0886  0.37486
11.5524132991  1.0827  0.36836
11.5267131577  1.0774  0.36165
11.5011271105  1.0726  0.35483
11.4756543992  1.0694  0.34769
11.4504253833  1.0628  0.3445
11.425176519  1.0583  0.33442
11.4000387601  1.0548  0.32733
11.375011375  1.0513  0.32025
11.3500936383  1.0479  0.3132
11.3252848309  1.0447  0.3061
11.3005842402  1.0415  0.29902
11.2759911596  1.0386  0.29191
11.2515048888  1.0356  0.2848
11.2271247334  1.0333  0.27764
11.2029755103  1.029  0.2708
11.1788049857  1.0272  0.26044
11.1547385329  1.0261  0.25316
11.1307754811  1.0246  0.24596
11.1069151654  1.0225  0.23891
11.0831569264  1.0214  0.22863
11.0595001106  1.0214  0.22139
11.0359440698  1.0211  0.21422
11.0124881616  1.0211  0.20706
10.989252511  1.0198  0.20011
10.9659944512  1.0193  0.19309
10.9428346319  1.0193  0.1831
10.9197724319  1.0203  0.17606
10.8968072355  1.0204  0.16915
10.8739384318  1.0215  0.15931
10.8511654152  1.0237  0.15241
10.8284875851  1.0254  0.14563
10.8059043461  1.0271  0.13889
10.7834151076  1.0289  0.13224
10.7611350845  1.0297  0.12566
10.7388316151  1.0323  0.11626
10.7166204066  1.0357  0.1098
10.6945008876  1.0388  0.1034
10.6724724917  1.0421  0.097101
10.6505346568  1.0455  0.090854
10.6286868257  1.0496  0.084689
10.6069284457  1.053  0.081329
10.5852589684  1.056  0.075296
10.5637894425  1.0593  0.069369
10.5422956903  1.0639  0.063517
10.5208892256  1.0679  0.060349
10.4995695176  1.0719  0.054651
10.4783360402  1.0759  0.051579
10.4571882712  1.08  0.046022
10.4361256927  1.0846  0.043064
10.4151477909  1.0882  0.040109
10.3942540564  1.0924  0.034741
10.3734439834  1.0973  0.031932
10.3528242505  1.1016  0.029156
10.3321795733  1.1059  0.026396
10.3116170678  1.1103  0.023669
10.2911362444  1.115  0.021021
10.2707366172  1.1189  0.020732
10.2504177045  1.1222  0.018061
10.2301790281  1.1262  0.015429
10.2100201137  1.1308  0.012867
10.1899404907  1.1351  0.012676
10.170043121  1.1382  0.01239
10.1501202789  1.1415  0.0098422
10.1302753409  1.1448  0.0095857
10.1105078508  1.1481  0.0070562
10.0908173562  1.1515  0.0068405
10.0712034081  1.1549  0.0043553
10.051665561  1.1584  0.0041643
10.0322033728  1.1622  0.0017471
10.012816405  1.1655  0.0037487
9.9940035978  1.168  0.0013031
9.9740674247  1.1717  0.0011173
9.9552015928  1.1746  0.00091353
9.9364069952  1.1774  0.00067973
9.9166997223  1.1802  0.00047114
9.8980500841  1.1827  0.00022417
9.8794704604  1.1852  0.0
9.8609604575  1.1875  0.0
9.8415510284  1.1898  0.0
9.8231827112  1.1919  0.0
9.8048828317  1.1938  0.0
9.7856933164  1.1963  0.0
9.7675327212  1.1993  0.0
9.7494394072  1.2018  0.0
9.7304660893  1.2041  0.0
9.7125097125  1.2063  0.0
9.6946194862  1.2083  0.0
9.6767950455  1.2102  0.0
9.6581031485  1.2119  0.0
9.6404126097  1.2132  0.0
9.622786759  1.2153  0.0
9.6043027276  1.2179  0.0
9.5868085514  1.2204  0.0
9.5693779904  1.2217  0.0
9.5520106983  1.2231  0.0
9.5337973115  1.2253  0.0
9.5165588123  1.2274  0.0
9.4993825401  1.2297  0.0
9.4813691097  1.2311  0.0
9.4643195154  1.2317  0.0
9.447331129  1.2336  0.0
9.4304036213  1.2355  0.0
9.4126506024  1.2364  0.0
9.3958470356  1.2376  0.0
9.3791033577  1.2388  0.0
9.3615427823  1.2401  0.0
9.3449210354  1.2413  0.0
9.328358209  1.2425  0.0
9.3118539901  1.2437  0.0
9.2945441026  1.245  0.0
9.2781592132  1.2461  0.0
9.2618319904  1.2473  0.0
9.244707405  1.2485  0.0
9.2284976006  1.2496  0.0
9.2123445417  1.2507  0.0
9.1962479308  1.2518  0.0
9.179364788  1.253  0.0
9.163383121  1.254  0.0
9.147457007  1.2551  0.0
9.130752374  1.2562  0.0
9.1149393857  1.2572  0.0
9.0991810737  1.2583  0.0
9.0826521344  1.2593  0.0
9.0670051682  1.2603  0.0
9.0514120203  1.2613  0.0
9.0358724135  1.2623  0.0
9.0195724723  1.2634  0.0
9.0041419053  1.2644  0.0
8.9887640449  1.2653  0.0
8.9726334679  1.2664  0.0
8.9573629523  1.2674  0.0
8.9421443262  1.2684  0.0
8.9269773255  1.2695  2.3037e-05
8.9110675459  1.2707  6.634e-05
8.8960056934  1.2721  0.00011849
8.8809946714  1.2728  0.0019396
8.865248227  1.2732  0.0019445
8.8503407381  1.2737  0.0019558
8.8354833009  1.2743  0.0019726
8.8206756638  1.275  0.0019892
8.805142203  1.2758  0.0020126
8.7904360056  1.2765  0.0020294
8.7757788504  1.2771  0.0020484
8.7604029785  1.278  0.0020716
8.7458457233  1.2787  0.0020905
8.7313367677  1.2794  0.002111
8.7168758717  1.2801  0.0021294
8.7017055343  1.281  0.0021538
8.6873425419  1.2817  0.0021729
8.6730268864  1.2824  0.002191
8.658008658  1.2833  0.0022159
8.6437894373  1.284  0.0022352
8.629616845  1.2848  0.0022567
8.6154906522  1.2855  0.0022761
8.6006708523  1.2864  0.0023032
8.5866391894  1.2873  0.0023251
8.5726532362  1.2881  0.0023508
8.5579803166  1.2895  0.0023917
8.5440874915  1.2901  0.0041132
8.5302396997  1.2902  0.0041052
8.5157114877  1.2907  0.0041142
8.5019554498  1.2912  0.0041197
8.4882437824  1.2917  0.0041291
8.4745762712  1.2922  0.0041367
8.4602368866  1.293  0.0041542
8.4466593462  1.2936  0.0041637
8.4331253162  1.2942  0.0041739
8.4189257451  1.2951  0.0041937
8.4054803732  1.2957  0.0042066
8.3920778785  1.2966  0.004226
8.3787180561  1.2976  0.0042497
8.3647009619  1.2984  0.0059287
8.3514280942  1.2983  0.005916
8.3381972817  1.2986  0.0059118
8.3243153251  1.2993  0.0059206
8.3111702128  1.2996  0.005921
8.2980665505  1.3002  0.0059279
8.2850041425  1.3007  0.0059308
8.2712985939  1.3016  0.0059468
8.2583202577  1.3022  0.0059544
8.2453825858  1.3031  0.0059713
8.231807705  1.3039  0.0076147
8.2189529054  1.3037  0.0075971
8.2061381914  1.304  0.0075918
8.1933633757  1.3042  0.0075839
8.1799591002  1.3049  0.0075904
8.1672655995  1.3052  0.0075862
8.1546114328  1.3055  0.0075813
8.1413335504  1.3063  0.0075891
8.1287595513  1.3065  0.0075821
8.1162243324  1.3065  0.0075684
8.1037277147  1.3089  0.0028303
8.0906148867  1.3112  0.0092718
8.0781969464  1.3103  0.0092338
8.0658170673  1.3102  0.0092147
8.0528265421  1.3109  0.0092163
8.0405242422  1.3111  0.0092088
8.0282594733  1.3115  0.0092037
8.0153895479  1.3128  0.0092209
8.0032012805  1.313  0.010792
7.991050024  1.313  0.010774
7.97893561  1.313  0.010758
7.9662232136  1.3138  0.010759
7.9541839007  1.314  0.010748
7.9421809229  1.3144  0.01074
7.9295852827  1.3157  0.010754
7.9176563737  1.3159  0.012304
7.9057633014  1.3159  0.012284
7.8939059046  1.3159  0.012264
7.8814627995  1.3167  0.012265
7.8696781302  1.317  0.012253
7.85792865  1.3176  0.012246
7.8455986192  1.3184  0.013793
7.8339208774  1.318  0.013763
7.8222778473  1.3183  0.013747
7.8106693744  1.3183  0.013727
7.7984870935  1.3194  0.013728
7.7869490734  1.3198  0.013718
7.7754451442  1.3199  0.015231
7.763372409  1.3203  0.015215
7.7519379845  1.3201  0.015188
7.7405371933  1.3204  0.015172
7.7291698872  1.3205  0.015151
7.7172403149  1.3215  0.015149
7.7059412807  1.322  0.015136
7.6946752847  1.322  0.016631
7.6828518746  1.3225  0.016613
7.6716532413  1.3223  0.016586
7.660487207  1.3226  0.016567
7.6493536296  1.3227  0.016545
7.6376689834  1.3241  0.016545
7.6266015863  1.3241  0.018024
7.6155662173  1.3235  0.017987
7.6039844879  1.3244  0.017975
7.5930144267  1.3243  0.017947
7.5820759724  1.3243  0.017923
7.5705958059  1.3257  0.01792
7.5597218022  1.3256  0.019382
7.5488789915  1.3255  0.019352
7.5380672396  1.3252  0.019319
7.5267198555  1.3263  0.019308
7.5159714393  1.3265  0.019284
7.5052536776  1.3263  0.020733
7.4940047962  1.3268  0.02071
7.4833495473  1.3264  0.020673
7.4727245554  1.3266  0.020647
7.4621296918  1.3264  0.020615
7.4510096118  1.3274  0.0206
7.4404761905  1.3275  0.020571
7.4299725091  1.3277  0.020547
7.4189479932  1.3288  0.021996
7.4085049637  1.3282  0.021956
7.3980912924  1.3284  0.021927
7.3877068558  1.3282  0.021894
7.3768073178  1.3296  0.021883
7.3664825046  1.3294  0.023303
7.3561865529  1.3287  0.02326
7.3453797561  1.3296  0.023239
7.3351426685  1.3294  0.023203
7.3249340756  1.33  0.023179
7.3147538585  1.3296  0.024586
7.3040683661  1.3302  0.024558
7.2939460248  1.3296  0.024517
7.2838517008  1.3292  0.024476
7.2732562368  1.3302  0.024454
7.2632190587  1.3299  0.024415
7.2532095452  1.3302  0.024386
7.2432275822  1.33  0.02435
7.2327498915  1.3313  0.024331
7.2228241242  1.3315  0.024301
7.2129255626  1.3313  0.02569
7.2025352924  1.3321  0.025663
7.1926922247  1.3318  0.025623
7.1828760236  1.3318  0.025587
7.1725720843  1.3329  0.026982
7.1628106869  1.332  0.026936
7.1530758226  1.3321  0.026899
7.1433673834  1.3317  0.026858
7.1331764035  1.3329  0.026834
7.1235218692  1.333  0.026798
7.1138934339  1.3325  0.028165
7.1037863181  1.3333  0.028133
7.0942111237  1.3327  0.028089
7.0846617074  1.3329  0.028053
7.0751379652  1.3326  0.028011
7.0651405963  1.3343  0.02799
7.0556692302  1.3341  0.029347
7.0462232244  1.3327  0.030692
7.0363073459  1.3334  0.029259
7.0269130771  1.3331  0.029216
7.0175438596  1.3335  0.029181
7.0081995935  1.3334  0.029142
6.9983903702  1.3346  0.030499
6.9890970087  1.3338  0.030451
6.9798282962  1.3332  0.030404
6.9700982784  1.3346  0.030375
6.9608798552  1.3337  0.031708
6.9516857838  1.3335  0.030285
6.9425159678  1.3336  0.030245
6.9328896284  1.335  0.031591
6.9237693  1.3341  0.031541
6.914672936  1.3334  0.031493
6.9051236017  1.3347  0.031461
6.8960761327  1.3342  0.031416
6.8870523416  1.3345  0.031377
6.8780521356  1.3344  0.031334
6.8686036129  1.3357  0.032666
6.8596515297  1.3348  0.032616
6.8507227513  1.3342  0.032568
6.841349114  1.3356  0.032534
6.8324678874  1.3354  0.03249
6.8236096895  1.3348  0.033799
6.8143100511  1.3356  0.033759
6.8054988431  1.3348  0.033709
6.7967103922  1.3349  0.033667
6.7879446104  1.3343  0.033618
6.7787418655  1.3357  0.033583
6.7700223411  1.3353  0.033536
6.7613252197  1.3352  0.033492
6.7521944632  1.3366  0.0348
6.7435430575  1.3356  0.034748
6.7349137931  1.3357  0.034704
6.7263065851  1.3352  0.034655
6.7172701014  1.337  0.034621
6.7087079029  1.3364  0.035908
6.7001675042  1.3355  0.035856
6.6912010706  1.337  0.035817
6.682705159  1.3359  0.037097
6.6742307949  1.3358  0.035717
6.6657778963  1.3358  0.035672
6.6569032086  1.3374  0.036961
6.6484941161  1.3368  0.036911
6.6401062417  1.3359  0.038184
6.6312997347  1.3368  0.038137
6.6229551626  1.3359  0.038085
6.614631565  1.3359  0.038036
6.6063288631  1.3352  0.037984
6.5976116646  1.337  0.037943
6.5893516078  1.3361  0.039207
6.581112208  1.3356  0.03784
6.5724613868  1.3369  0.040424
6.564264146  1.3355  0.039053
6.5560873271  1.3349  0.039001
6.5475021279  1.3366  0.038958
6.5393669893  1.3363  0.038907
6.531252041  1.3364  0.040166
6.5231572081  1.3354  0.040111
6.5146579805  1.3369  0.040065
6.5066042033  1.3366  0.040013
6.4985703145  1.336  0.041263
6.4901349948  1.3369  0.042514
6.4821416996  1.3351  0.042455
6.4741680694  1.335  0.041101
6.4662140317  1.3346  0.041049
6.4578624475  1.3367  0.041004
6.4499484004  1.3361  0.042244
6.4420537267  1.3352  0.042188
6.4337643955  1.3364  0.04343
6.4259092662  1.3355  0.042082
6.4180732944  1.336  0.043321
6.4102564103  1.3344  0.044554
6.4020486556  1.3357  0.043211
6.3942707334  1.3353  0.043156
6.3865116873  1.3345  0.044386
6.3783645873  1.336  0.044332
6.3706440721  1.3346  0.045558
6.3629422245  1.3344  0.044218
6.3552589768  1.334  0.044163
6.3471913678  1.3357  0.04539
6.3395460885  1.3346  0.045332
6.3319192047  1.3339  0.045274
6.3239107064  1.3355  0.046495
6.3163213744  1.3341  0.046436
6.3087502366  1.3341  0.04638
6.3011972275  1.3333  0.046321
6.2932662052  1.3349  0.047537
6.2857502043  1.3336  0.047477
6.2782521346  1.3325  0.047417
6.2703787309  1.3345  0.047359
6.2629172669  1.3334  0.048568
6.2554735393  1.332  0.048507
6.2476571286  1.3337  0.048448
6.24024961  1.3329  0.048388
6.232859636  1.3328  0.049594
6.2254871444  1.3314  0.049532
6.2177454455  1.3331  0.049471
6.2104086449  1.3323  0.04941
6.2030891384  1.3312  0.05061
6.195403011  1.3329  0.050547
6.1881188119  1.3313  0.051744
6.1808517214  1.3313  0.050423
6.1736016792  1.3304  0.051619
6.1659884079  1.3322  0.051554
6.1587731724  1.331  0.052747
6.1515748031  1.3297  0.052684
6.1440157287  1.3313  0.053871
6.136851795  1.3297  0.053808
6.1297045482  1.3298  0.053743
6.1225739301  1.3285  0.054932
6.115085917  1.3296  0.056115
6.1079892499  1.328  0.054797
6.1009090354  1.3269  0.055983
6.0934738895  1.3286  0.055912
6.0864272672  1.3271  0.057096
6.0793969238  1.3268  0.057028
6.072382803  1.3251  0.058211
6.065016982  1.3268  0.058136
6.0580359847  1.3254  0.059318
6.0510710396  1.3227  0.061755
6.0437567992  1.3232  0.060424
6.0368246302  1.3212  0.060355
6.0299083454  1.3207  0.060283
6.0230078901  1.319  0.060212
6.0157612946  1.3204  0.061383
6.0088931619  1.3181  0.061312
6.0020406938  1.3161  0.061238
5.9948444338  1.3178  0.061161
5.9880239521  1.3156  0.062334
5.9812189724  1.3145  0.06226
5.974429442  1.3122  0.062182
5.9672992004  1.313  0.063351
5.9605412171  1.3103  0.062026
5.9537985235  1.3082  0.061946
5.946717412  1.3095  0.061872
5.94000594  1.3072  0.061791
5.9333096001  1.3041  0.06295
5.9262771127  1.3047  0.060388
5.9196116735  1.3026  0.060303
5.912961211  1.3018  0.058987
5.9063256748  1.3  0.058902
5.8993569701  1.301  0.058836
5.8927519151  1.2984  0.058744
5.886161634  1.2961  0.057416
5.8792404021  1.2962  0.058579
5.8726802913  1.2934  0.054781
5.8661348038  1.2928  0.054707
5.8596038908  1.2903  0.053377
5.8527449374  1.2914  0.050879
5.8462437884  1.2895  0.050786
5.8397570661  1.2877  0.048252
5.8329444704  1.289  0.047
5.8264872109  1.2874  0.045697
5.8200442323  1.2867  0.044416
5.8136154875  1.2854  0.041919
5.8068637129  1.2868  0.040696
5.8004640371  1.2855  0.039415
5.7940784518  1.2847  0.036952
5.7873719544  1.2863  0.035755
5.7810151463  1.2853  0.034496
5.7746722873  1.2857  0.032095
5.7683433318  1.2852  0.032039
5.7616962434  1.2861  0.029668
5.7553956835  1.2862  0.027288
5.7491088881  1.2862  0.027253
5.7425060296  1.2875  0.024927
5.736247347  1.2878  0.023743
5.730002292  1.2881  0.022565
5.7234432234  1.2898  0.021443
5.7172260019  1.2899  0.021418
5.711022273  1.2902  0.02025
5.7048319927  1.2902  0.01908
5.6983303892  1.2915  0.017959
5.6921675774  1.2919  0.016809
5.6860180815  1.2926  0.015676
5.6795592662  1.2939  0.015706
5.6734369681  1.294  0.014561
5.6673278549  1.2951  0.013454
5.6612318841  1.2957  0.013463
5.6548292242  1.2966  0.013478
5.6487600972  1.2966  0.012341
5.6427039837  1.2973  0.011233
5.6363431406  1.2985  0.011265
5.6303136085  1.299  0.010158
5.6242969629  1.2999  0.010181
5.6182931625  1.3001  0.010177
5.6119872047  1.3011  0.0090966
5.6060096423  1.3017  0.0091088
5.6000448004  1.3019  0.0091056
5.593779717  1.3029  0.0080306
5.5878408583  1.3035  0.0080461
5.5819145967  1.304  0.0080564
5.5760008922  1.3041  0.0080497
5.569789462  1.3049  0.0069776
5.5639014077  1.3054  0.0069905
5.5580257892  1.3056  0.0069878
5.5518543193  1.3063  0.0059234
5.546004104  1.3069  0.0059397
5.540166205  1.3073  0.0059461
5.5343405833  1.3078  0.0048788
5.5282215711  1.3088  0.004915
5.5224210294  1.3094  0.0049292
5.5166326474  1.3098  0.0049383
5.5105527084  1.3103  0.0049545
5.5047891666  1.3104  0.004951
5.4990376684  1.3108  0.0038919
5.4929964296  1.3118  0.0039243
5.4872695347  1.3122  0.003938
5.4815545689  1.3127  0.0039521
5.4758514949  1.313  0.0039595
5.4698610655  1.3135  0.0039716
5.4641822851  1.3135  0.0039685
5.4585152838  1.3139  0.0029207
5.4525627045  1.3148  0.0029507
5.4469197669  1.3152  0.002965
5.4412884971  1.3157  0.002979
5.4356688591  1.316  0.0029884
5.4297659771  1.3165  0.0030023
5.424170102  1.3167  0.0030067
5.4185857491  1.3167  0.003004
5.4127198917  1.3172  0.0019756
5.4071590786  1.3179  0.0019982
5.4016096797  1.3184  0.0020156
5.3960716598  1.3188  0.0020289
5.39025442  1.3193  0.0020458
5.3847396478  1.3196  0.0020554
5.3792361485  1.3199  0.002064
5.3734551316  1.3203  0.0020763
5.3679746632  1.3204  0.0020777
5.3625053625  1.3211  0.0010692
5.3570471956  1.3216  0.0021167
5.3513137475  1.3217  0.0021183
5.3458783278  1.3216  0.0021139
5.3404539386  1.3219  0.0010971
5.3347559349  1.3226  0.0011224
5.3293540823  1.3231  0.0011379
5.3239631582  1.3235  0.0011517
5.3185831295  1.3239  0.0011639
5.3129316757  1.3243  0.0011784
5.307573908  1.3246  0.0011894
5.3022269353  1.3249  0.001199
5.2966101695  1.3253  0.001212
5.2912852532  1.3256  0.0012214
5.2859710329  1.3259  0.0012308
5.2803886366  1.3263  0.0012423
5.2750962705  1.3265  0.0012506
5.2698145025  1.3268  0.0012597
5.2645433009  1.327  0.0012667
5.2590060479  1.3273  0.0012758
5.2537564359  1.3274  0.0012775
5.2485172939  1.328  0.00029397
5.2430136843  1.3286  0.0013154
5.2377959355  1.3285  0.0013118
5.2325885616  1.329  0.00033048
5.2273915316  1.3295  0.0013464
5.2219321149  1.3297  0.0013489
5.216756221  1.3298  0.0013534
5.2115905774  1.33  0.0013575
5.2061640983  1.3302  0.0013646
5.2010193998  1.3302  0.0013647
5.1958848592  1.3308  0.00039169
5.1907604464  1.3312  0.001396
5.1853772362  1.3312  0.0013928
5.1802735184  1.3316  0.0004195
5.1751798375  1.3319  0.0014161
5.1698288787  1.3323  0.00044459
5.1647557071  1.3327  0.0014414
5.1596924823  1.3327  0.00144
5.1546391753  1.3328  0.0014401
5.149330587  1.3328  0.0014388
5.1442975462  1.333  0.00046873
5.1392743345  1.3337  0.00048923
5.1339973303  1.3343  0.00051013
5.1289942042  1.3344  0.0014876
5.1240008198  1.3345  0.00051582
5.1190171487  1.3351  0.00053746
5.1137816415  1.3353  0.0015132
5.1088178196  1.3353  0.00054443
5.1038636248  1.3359  0.00056365
5.0986590527  1.3366  0.00058493
5.0937245314  1.3369  0.0015603
5.0887995522  1.3368  0.0015574
5.0836256418  1.337  0.0015619
5.0787201625  1.3371  0.0015657
5.0738241413  1.3373  0.0015706
5.0689375507  1.3375  0.0015749
5.0638039295  1.3378  0.0015826
5.0589366115  1.3379  0.0015872
5.0540786415  1.3381  0.0015922
5.0489750581  1.3384  0.0015999
5.0441361917  1.3386  0.001605
5.0393065914  1.3389  0.0016113
5.0344862307  1.339  0.0016167
5.0294221194  1.3394  0.0016245
5.0246206411  1.3396  0.0016296
5.0198283219  1.3398  0.0016354
5.0147936412  1.3401  0.0016434
5.0100200401  1.3403  0.0016488
5.0052555183  1.3405  0.0016556
5.00050005  1.3408  0.0016609
4.9955040464  1.3411  0.0016695
4.9907670809  1.3413  0.0016755
4.9860390905  1.3415  0.0016814
4.9810719267  1.3419  0.0016907
4.9763622792  1.3422  0.0016975
4.9716615293  1.3425  0.0017052
4.9669696518  1.3428  0.0017129
4.962040391  1.3432  0.0017254
4.9573666468  1.3437  0.0017379
4.9527016988  1.3439  0.0026786
4.9478007026  1.3439  0.0026782
4.9431537321  1.344  0.0026778
4.9385154822  1.3441  0.0026804
4.9338859286  1.3443  0.0026818
4.929022082  1.3446  0.0026889
4.9244103019  1.3448  0.0026918
4.9198071436  1.345  0.0026952
4.9149710017  1.3453  0.0027037
4.9103854653  1.3456  0.0027087
4.9058084772  1.3459  0.0027147
4.900999804  1.3465  0.0027295
4.8964402879  1.3467  0.003657
4.8918892476  1.3466  0.003653
4.8873466595  1.3466  0.0036505
4.8825740931  1.3469  0.003655
4.8780487805  1.347  0.0036557
4.8735318485  1.3472  0.0036563
4.8687862116  1.3475  0.0036629
4.8642864092  1.3477  0.0036651
4.8597949167  1.348  0.0036698
4.855311711  1.3483  0.0036739
4.8506014746  1.3489  0.0036876
4.8461352072  1.3491  0.0046039
4.841677157  1.3489  0.0045968
4.8369933249  1.3492  0.0046
4.8325520707  1.3493  0.0045983
4.8281189649  1.3495  0.0046005
4.8236939849  1.3497  0.0046011
4.8190448653  1.3502  0.0046102
4.8146364949  1.3506  0.0046159
4.8102361826  1.3507  0.0055233
4.8056129559  1.3509  0.0055229
4.8012291147  1.3509  0.0055186
4.7968532643  1.3511  0.0055193
4.7924853829  1.3513  0.0055191
4.7878961984  1.352  0.0055298
4.7835446066  1.3521  0.0064317
4.7792009176  1.3519  0.0064223
4.7746371276  1.3522  0.0064247
4.7703095931  1.3523  0.0064212
4.7659898961  1.3526  0.0064226
4.7616780153  1.3529  0.0064243
4.7571476143  1.3533  0.007328
4.752851711  1.3532  0.0073179
4.7485635595  1.3532  0.0073121
4.7440580673  1.3537  0.0073169
4.7397857617  1.354  0.0073172
4.7355211441  1.354  0.0082082
4.7310403558  1.3543  0.0082061
4.726791454  1.3543  0.0081998
4.7225501771  1.3547  0.0082009
4.7183165047  1.3546  0.009087
4.7138682002  1.3549  0.0090837
4.709650073  1.3548  0.009075
4.705439488  1.3548  0.0090687
4.7010154193  1.3556  0.0090753
4.6968202527  1.3556  0.0099582
4.6926325669  1.3556  0.0099507
4.6884523419  1.3557  0.0099443
4.6840601433  1.3562  0.010833
4.6798951703  1.356  0.01082
4.6757375976  1.356  0.010812
4.6713691783  1.3565  0.011697
4.6672267339  1.3561  0.011681
4.6630916298  1.3562  0.011674
4.6589638464  1.3563  0.011664
4.6546266989  1.3568  0.012549
4.6505138818  1.3564  0.012532
4.6464083264  1.3563  0.012519
4.642094513  1.3571  0.012522
4.6380038032  1.357  0.013392
4.6339202966  1.3571  0.013382
4.6298439743  1.3568  0.014248
4.6255608493  1.3571  0.014241
4.6214992143  1.357  0.014227
4.6174447061  1.3566  0.015091
4.6131844812  1.3569  0.015083
4.6091445428  1.3566  0.015065
4.605111674  1.3566  0.015051
4.6008741661  1.3571  0.015925
4.5968557507  1.3566  0.015905
4.5928443485  1.3568  0.015893
4.5888399413  1.3564  0.016753
4.5846323125  1.3568  0.016743
4.580642206  1.3566  0.016726
4.5766590389  1.3561  0.017582
4.5724737083  1.3565  0.017572
4.5685047284  1.3562  0.017552
4.5645426328  1.356  0.018411
4.5605874037  1.3553  0.018385
4.5564314029  1.3558  0.018375
4.5524902121  1.3555  0.018355
4.5485558335  1.3549  0.019206
4.5444217223  1.3551  0.019193
4.5405012713  1.3544  0.019166
4.5365875788  1.3543  0.019148
4.5326806273  1.3537  0.019123
4.5285753102  1.3543  0.019114
4.5246821411  1.3539  0.019092
4.52079566  1.3536  0.019071
4.5167118338  1.3541  0.019932
4.512839027  1.3532  0.019902
4.508972856  1.353  0.019881
4.5051133036  1.3523  0.019854
4.5010577486  1.3528  0.019844
4.4972117287  1.3521  0.019817
4.4933722759  1.3515  0.01979
4.4893378227  1.3519  0.019779
4.4855117969  1.3511  0.019749
4.481692287  1.3509  0.018867
4.4778792764  1.3507  0.018846
4.4738725841  1.3513  0.01884
4.4700728622  1.3509  0.018816
4.4662795891  1.3504  0.018792
4.4622936189  1.3508  0.018783
4.4585135316  1.3501  0.018755
4.4547398432  1.3501  0.017881
4.4509725375  1.3499  0.017863
4.4470138302  1.3506  0.017859
4.4432595752  1.3502  0.017837
4.4395116537  1.3497  0.017814
4.4355732978  1.3502  0.017807
4.4318383265  1.3496  0.01778
4.42810964  1.3492  0.016907
4.424191479  1.35  0.016907
4.4204756432  1.3496  0.016887
4.4167660439  1.3496  0.016872
4.4130626655  1.349  0.016847
4.4091710758  1.3496  0.015996
4.4054804176  1.3494  0.015981
4.4017959327  1.3492  0.015962
4.3979241798  1.3496  0.015955
4.394252318  1.3493  0.015094
4.3905865824  1.3496  0.015088
4.3869269577  1.3494  0.015071
4.3830813062  1.3499  0.015069
4.3794341771  1.3495  0.015048
4.3757931125  1.3493  0.014194
4.3719669479  1.3501  0.014198
4.3683382841  1.35  0.014184
4.3647156388  1.3501  0.014174
4.3610989969  1.3498  0.014157
4.3572984749  1.3502  0.014152
4.3536941095  1.35  0.013305
4.3500957021  1.3501  0.013296
4.3463143255  1.3508  0.013297
4.3427281018  1.3506  0.013283
4.3391477914  1.3507  0.013274
4.3355733796  1.3504  0.013259
4.3318171973  1.3508  0.013254
4.3282548476  1.3506  0.012415
4.3246983523  1.3507  0.012407
4.3209609817  1.3514  0.012409
4.317416458  1.3513  0.012398
4.3138777447  1.3511  0.012385
4.3101590449  1.3517  0.012384
4.3066322136  1.3514  0.012369
4.3031111494  1.3513  0.012357
4.299595838  1.3511  0.011527
4.2959017098  1.3519  0.011532
4.2923981629  1.3519  0.011522
4.288900326  1.3518  0.011512
4.2852245458  1.3524  0.011513
4.2817383858  1.3522  0.0115
4.2782578934  1.3522  0.011492
4.2747830548  1.3519  0.011476
4.2711314227  1.3524  0.010666
4.2676681461  1.3526  0.01066
4.2642104814  1.3526  0.010652
4.2605768821  1.3531  0.010653
4.2571306939  1.353  0.010643
4.2536900761  1.3531  0.010637
4.2502550153  1.3529  0.010625
4.2466451503  1.3532  0.010621
4.2432214537  1.3531  0.0098073
4.2398032731  1.3533  0.009803
4.2362111328  1.3539  0.0098062
4.2328042328  1.3538  0.0097978
4.2294028083  1.354  0.0097924
4.2260068461  1.3538  0.0097825
4.2224380357  1.3541  0.0097795
4.2190532445  1.3541  0.0089738
4.2156738755  1.3543  0.008971
4.2121224885  1.3549  0.0089749
4.2087542088  1.3549  0.0089682
4.2053913117  1.3551  0.0089643
4.2020337844  1.355  0.008956
4.1985053321  1.3554  0.0089563
4.1951587868  1.3551  0.0089447
4.1918175721  1.3552  0.0081479
4.188306249  1.3559  0.0081546
4.1849759364  1.356  0.008151
4.1816509158  1.3561  0.0081459
4.1781565973  1.3566  0.0081485
4.1748423997  1.3566  0.0081429
4.1715334557  1.3568  0.0081398
4.1682297528  1.3568  0.0081333
4.1647578193  1.3572  0.0081347
4.1614648356  1.3571  0.0081275
4.1581770552  1.357  0.0081195
4.1547218414  1.3573  0.0081168
4.1514447028  1.3573  0.0073303
4.1481727299  1.3577  0.0073324
4.1449059106  1.3578  0.0073291
4.1414727077  1.3583  0.0073325
4.1382164287  1.3584  0.0073281
4.1349652663  1.3585  0.0073234
4.1315485044  1.3589  0.0073258
4.1283078066  1.3589  0.0073205
4.1250721888  1.3591  0.0073181
4.1218416388  1.3591  0.0073123
4.118446522  1.3595  0.0073134
4.1152263374  1.3595  0.0073074
4.1120111847  1.3594  0.0073014
4.1086322363  1.3598  0.0073012
4.105427375  1.3595  0.0072917
4.1022275095  1.3597  0.0065203
4.0990326283  1.36  0.0065201
4.0956749672  1.3605  0.0065236
4.0924902803  1.3606  0.0065207
4.0893105422  1.3607  0.0065171
4.0859687832  1.3611  0.0065191
4.0827991671  1.3611  0.0065149
4.0796344648  1.3613  0.0065126
4.0764746647  1.3613  0.0065078
4.073153843  1.3616  0.0065079
4.07000407  1.3615  0.0065013
4.0668591647  1.3617  0.0057388
4.0635539843  1.3621  0.0065009
4.0604190352  1.362  0.0057357
4.0572889195  1.3623  0.0057357
4.0539992703  1.3628  0.0057388
4.0508790408  1.3629  0.0057365
4.0477636106  1.3631  0.0057358
4.0446529688  1.3632  0.0057327
4.0413837698  1.3636  0.0057341
4.0382829221  1.3636  0.0057307
4.0351868292  1.3636  0.0057268
4.0319329086  1.3639  0.0057261
4.0288465412  1.3641  0.0049742
4.0257648953  1.3644  0.0057261
4.0226879601  1.3642  0.0057178
4.0194541581  1.3645  0.0049693
4.0163868584  1.3648  0.0049702
4.0133242365  1.365  0.0049693
4.0101054658  1.3654  0.0049721
4.0070524122  1.3656  0.0049704
4.004004004  1.3658  0.0049697
4.0009602305  1.3659  0.0049676
3.9977612537  1.3663  0.0049689
3.9947269604  1.3663  0.0049663
3.9916972697  1.3664  0.0049634
3.9885130823  1.3666  0.004963
3.9854928062  1.3669  0.0042216
3.9824771008  1.3672  0.0049639
3.9794659557  1.367  0.0049568
3.9763012446  1.3673  0.0042188
3.9732994278  1.3676  0.00422
3.97030214  1.3679  0.0042199
3.9671519816  1.3683  0.0042225
3.9641639578  1.3685  0.0042216
3.9611804318  1.3687  0.0042214
3.9582013933  1.3688  0.0042204
3.9550704003  1.3692  0.0042219
3.9521005414  1.3693  0.0042205
3.9491351394  1.3695  0.004219
3.9460184674  1.3698  0.0042201
3.9430621821  1.3699  0.0042183
3.9401103231  1.37  0.0042164
3.937007874  1.3703  0.0042167
3.9340650694  1.3703  0.0042139
3.9311266609  1.3703  0.0042109
3.9281926386  1.3705  0.0034819
3.9251089218  1.3711  0.0034861
3.922183872  1.3713  0.0034867
3.9192631785  1.3716  0.0034866
3.91619346  1.372  0.0034886
3.913281678  1.3722  0.003488
3.9103742228  1.3724  0.0034882
3.9074710847  1.3726  0.0034876
3.9044198032  1.3729  0.0034887
3.9015254965  1.3731  0.0034877
3.8986354776  1.3732  0.0034869
3.8955979743  1.3736  0.0034875
3.892716727  1.3737  0.0034861
3.8898397386  1.3739  0.0034853
3.8869669997  1.3739  0.0034836
3.8839476444  1.3741  0.0034824
3.8810835985  1.3743  0.0027646
3.8782237735  1.3747  0.0027665
3.875217981  1.3752  0.0027689
3.8723667906  1.3754  0.0027692
3.8695197926  1.3757  0.0027698
3.8666769778  1.3759  0.0027698
3.8636890503  1.3763  0.0027711
3.8608547933  1.3765  0.0027708
3.8580246914  1.3767  0.0027705
3.8550501157  1.3771  0.0027713
3.8522285142  1.3773  0.0027709
3.8494110401  1.3775  0.0027703
3.8464497269  1.3779  0.002771
3.8436406965  1.3781  0.0027702
3.8408357659  1.3783  0.00277
3.8380349261  1.3785  0.0027692
3.8350910834  1.3788  0.0027691
3.8322986127  1.3789  0.0027677
3.8295102056  1.3789  0.0027661
3.8265794207  1.3794  0.0020632
3.823799327  1.3796  0.0027662
3.82102327  1.3798  0.0020624
3.8182512409  1.3802  0.0020636
3.8153376574  1.3807  0.0020647
3.8125738686  1.381  0.0020648
3.8098140811  1.3813  0.0020649
3.8069133547  1.3817  0.0020652
3.804161753  1.3819  0.0020652
3.8014141261  1.3822  0.0020649
3.7986704653  1.3825  0.0020646
3.7957866768  1.3829  0.0020648
3.7930511303  1.3831  0.0020643
3.7903195239  1.3834  0.0020636
3.787448396  1.3838  0.0020635
3.7847248505  1.384  0.0020628
3.7820052192  1.3843  0.0020624
3.7792894936  1.3846  0.0020614
3.7764350453  1.3849  0.0020609
3.7737273105  1.3852  0.0020601
3.7710234558  1.3855  0.0020592
3.7681814756  1.3858  0.0020585
3.7654855594  1.3861  0.0020574
3.7627934979  1.3864  0.0020565
3.7601052829  1.3866  0.002055
3.7572797295  1.387  0.0020542
3.7545993842  1.3873  0.0020529
3.7519228605  1.3875  0.0020516
3.7491095865  1.3879  0.0020503
3.7464408812  1.3882  0.0020486
3.7437759724  1.3885  0.0020472
3.7411148522  1.3887  0.0020456
3.738317757  1.389  0.0020439
3.7356643879  1.3895  0.0013587
3.7330147827  1.3899  0.0020405
3.7302297822  1.3902  0.002039
3.7275878779  1.3905  0.0020367
3.7249497132  1.3907  0.0020348
3.722176729  1.3911  0.0020328
3.7195462154  1.3914  0.0020306
3.7169194172  1.3917  0.0020285
3.7142963266  1.392  0.0020262
3.7115391753  1.3924  0.0020235
3.7089236704  1.3926  0.0020213
3.7063118491  1.3929  0.0020188
3.7035665346  1.3932  0.0020166
3.7009622502  1.3937  0.0013376
3.6983616258  1.3942  0.0020105
3.6957646537  1.3944  0.0020078
3.6930349361  1.3948  0.0020046
3.6904454368  1.3951  0.0020016
3.6878595663  1.3954  0.0019987
3.6851415094  1.3958  0.0019953
3.6825630639  1.3961  0.0019921
3.679988224  1.3964  0.0019888
3.6774169823  1.3967  0.0019853
3.674714291  1.3972  0.0019816
3.6721504113  1.3975  0.0019781
3.6695901068  1.3978  0.0019742
3.6668989036  1.3982  0.0019701
3.6643459143  1.3986  0.0019663
3.6617964774  1.3989  0.0019623
3.6592505855  1.3992  0.0019584
3.656574521  1.3997  0.0019534
3.6540358826  1.4  0.0019492
3.6515007668  1.4004  0.001945
3.6488360213  1.4008  0.0019397
3.646308113  1.4012  0.001935
3.643783705  1.4015  0.0019306
3.6411302068  1.402  0.0019248
3.6386129607  1.4023  0.0019198
3.6360991928  1.4027  0.0019147
3.6335888958  1.4031  0.0019093
3.6309502197  1.4036  0.001903
3.6284470247  1.4039  0.0018977
3.6259472787  1.4043  0.0018921
3.6233196855  1.4048  0.0018852
3.6208269969  1.4052  0.0018794
3.6183377356  1.4056  0.001873
3.6158518947  1.406  0.0018668
3.6132389074  1.4066  0.0018588
3.610760065  1.407  0.0018521
3.6082846215  1.4075  0.0018448
3.6056825557  1.4082  0.0018346
3.6032140669  1.4085  0.002484
3.6007489558  1.4086  0.0024797
3.5982872153  1.4091  0.0018167
3.5956995433  1.4098  0.0024602
3.5932447  1.41  0.0024541
3.5907932062  1.4103  0.0024472
3.5882162977  1.4108  0.0024378
3.5857716581  1.4112  0.0024304
3.5833303472  1.4116  0.0024216
3.5808923584  1.4119  0.002414
3.5783296357  1.4125  0.0024032
3.5758984445  1.4129  0.0023946
3.5734705546  1.4133  0.0023859
3.5709184402  1.4138  0.0023744
3.5684973058  1.4142  0.0023653
3.5660794523  1.4147  0.0023552
3.563664873  1.4151  0.0023458
3.5611267405  1.4157  0.0023335
3.5587188612  1.4161  0.0023235
3.5563142359  1.4166  0.0023131
3.5537865596  1.4171  0.0022998
3.5513885929  1.4176  0.0022891
3.5489938602  1.4181  0.0022775
3.5466023549  1.4185  0.0022662
3.5440884604  1.4192  0.0022519
3.5417035594  1.4196  0.0022401
3.5393218659  1.4201  0.002228
3.5368182783  1.4207  0.0022128
3.5344431485  1.4212  0.0022002
3.5320712066  1.4217  0.0021875
3.5295778625  1.4224  0.0021709
3.527212444  1.4229  0.0021573
3.5248501939  1.4234  0.0021424
3.5224911057  1.424  0.0021282
3.520011264  1.4246  0.0021106
3.5176586464  1.4252  0.0020955
3.5153091714  1.4257  0.0020801
3.5128394281  1.4264  0.0020612
3.5104963842  1.427  0.0020452
3.5081564638  1.4276  0.0020274
3.5058196606  1.4282  0.0020104
3.5033632287  1.4289  0.0019892
3.5010328047  1.4295  0.001971
3.498705479  1.4302  0.0019521
3.4962590029  1.431  0.0019285
3.4939380175  1.4317  0.0019073
3.4916201117  1.4325  0.0018827
3.4893052793  1.4331  0.0024956
3.4868719272  1.4336  0.0024779
3.4845633842  1.4343  0.0018242
3.482257896  1.4351  0.0024294
3.4798343599  1.4357  0.0024064
3.4775351231  1.4363  0.0023854
3.4752389227  1.437  0.0023623
3.4729457526  1.4376  0.0023392
3.4705351565  1.4385  0.0023099
3.4682481878  1.4392  0.0022852
3.4659642312  1.4399  0.0022593
3.4635633139  1.4408  0.0022263
3.4612855214  1.4416  0.0021969
3.4590107229  1.4426  0.0021621
3.4567389125  1.4433  0.0027595
3.4543507548  1.4441  0.0027301
3.4520850594  1.4447  0.002703
3.4498223341  1.4454  0.0026739
3.4474437205  1.4464  0.002636
3.4451870737  1.4472  0.0026022
3.4429333792  1.4482  0.0025642
3.4405642525  1.4492  0.0031458
3.4383166002  1.4498  0.0031186
3.4360718826  1.4506  0.0030839
3.4338300941  1.4514  0.0030497
3.4314734747  1.4524  0.0030038
3.4292376805  1.4534  0.0029637
3.4270047978  1.4544  0.0029178
3.4246575342  1.4555  0.0034878
3.4224306102  1.4562  0.0034527
3.4202065805  1.4572  0.0034082
3.4179854394  1.4582  0.0033597
3.4156505106  1.4594  0.0039237
3.4134352813  1.4601  0.0038853
3.4112229234  1.4611  0.00384
3.4088972217  1.4624  0.003774
3.4066907406  1.4634  0.0043424
3.404487114  1.4643  0.0042945
3.4022863364  1.4653  0.0042397
3.3999728002  1.4666  0.0047912
3.3977778533  1.4674  0.0047451
3.3955857385  1.4684  0.0046908
3.393281303  1.4699  0.0046104
3.3910949846  1.471  0.0051651
3.3889114816  1.4722  0.0050999
3.3867307888  1.4732  0.0056573
3.3844383525  1.4745  0.0055827
3.3822634107  1.4757  0.0055117
3.3800912625  1.4769  0.0060587
3.3778078027  1.4784  0.0059669
3.3756413719  1.4797  0.0065058
3.3734777182  1.4806  0.0070608
3.3712031824  1.482  0.0069737
3.3690452126  1.4833  0.0068929
3.3668900037  1.4848  0.0074141
3.3647375505  1.4858  0.0079597
3.3624747814  1.4874  0.0078539
3.360327968  1.4886  0.0083874
3.3581838942  1.4898  0.0083041
3.3559299282  1.4917  0.0087911
3.3537914612  1.4929  0.0093255
3.3516557179  1.4943  0.0092233
3.349522693  1.4957  0.0097396
3.3472803347  1.4976  0.01022
3.3451528735  1.4987  0.010749
3.3430281149  1.5  0.010653
3.3407944409  1.5022  0.011111
3.3386752137  1.5035  0.01162
3.3365586734  1.5051  0.012114
3.3344448149  1.5063  0.012631
3.3322225925  1.5083  0.013094
3.3301142229  1.5097  0.012981
3.3280085197  1.5113  0.01347
3.325794865  1.5136  0.013898
3.3236946189  1.5152  0.014387
3.3215970238  1.517  0.014849
3.3195020747  1.5186  0.015333
3.317299718  1.5213  0.015726
3.3152101843  1.5229  0.01682
3.3131232813  1.5243  0.01731
3.3109293779  1.527  0.01769
3.3088478592  1.5286  0.018783
3.3067689561  1.5305  0.01923
3.3046926636  1.5322  0.019691
3.3025099075  1.5352  0.020668
3.3004389584  1.5369  0.021122
3.2983706049  1.5386  0.022203
3.2961961896  1.5417  0.022527
3.2941331489  1.5437  0.02358
3.292072689  1.5455  0.024653
3.2899065667  1.5487  0.025592
3.2878513891  1.5507  0.026014
3.2857987777  1.5532  0.027646
3.2837487275  1.555  0.028077
3.2815935418  1.5588  0.029582
3.2795487341  1.5607  0.03064
3.2775064731  1.5627  0.031693
3.2753594707  1.5669  0.032517
3.2733224223  1.5692  0.034169
3.271287906  1.5721  0.035765
3.2692559174  1.574  0.037463
3.2671197073  1.5783  0.03891
3.2650928919  1.5805  0.040591
3.2630685897  1.5825  0.042291
3.2609404552  1.5873  0.04368
3.2589212971  1.5896  0.046017
3.2569046378  1.5928  0.047591
3.2548904729  1.595  0.049947
3.252772989  1.6004  0.051943
3.2507639295  1.6026  0.054979
3.2487573503  1.6044  0.057414
3.2466478361  1.61  0.059395
3.2446463335  1.6124  0.062467
3.2426472973  1.6158  0.065419
3.2406507227  1.6176  0.068595
3.2385517197  1.6238  0.071233
3.2365601838  1.626  0.075088
3.2345710959  1.6275  0.079061
3.2324799586  1.6338  0.082456
3.2304958811  1.6353  0.08649
3.2285142377  1.6386  0.090326
3.226535024  1.6397  0.094482
3.2244542611  1.6466  0.098644
3.2224800206  1.6476  0.10362
3.2205081962  1.6481  0.10797
3.2184351968  1.6553  0.11221
3.2164683178  1.6561  0.11735
3.2145038413  1.6563  0.12264
3.2124385621  1.6636  0.12779
3.2104790035  1.6634  0.13324
3.208521834  1.6661  0.13834
3.2065670493  1.6651  0.14482
3.2045119528  1.6726  0.14937
3.2025620496  1.6719  0.15594
3.200614518  1.6702  0.1619
3.198567042  1.678  0.16744
3.1966243647  1.6764  0.17351
3.1946840457  1.6782  0.18003
3.1927460809  1.6752  0.18642
3.1907086564  1.6833  0.19221
3.1887755102  1.681  0.19867
3.1868447051  1.6773  0.20627
3.184814803  1.6854  0.21139
3.1828887899  1.6821  0.21818
3.1809651048  1.683  0.2254
3.1790437436  1.6777  0.23261
3.1770237641  1.6863  0.23797
3.1751071599  1.682  0.2452
3.1731928667  1.6762  0.2527
3.1711803133  1.6851  0.25826
3.1692707508  1.6793  0.26593
3.1673634866  1.6791  0.27188
3.1654585167  1.6719  0.27988
3.1634557591  1.6812  0.28465
3.1615554853  1.6749  0.2927
3.1596574931  1.6668  0.29999
3.157662067  1.6763  0.30495
3.1557687453  1.6688  0.3123
3.1538776926  1.6678  0.31884
3.151988905  1.6585  0.32656
3.15000315  1.6681  0.33178
3.1481189989  1.6599  0.33837
3.1462371004  1.6501  0.34637
3.1442585838  1.6601  0.35059
3.1423812965  1.6513  0.35742
3.1405062496  1.641  0.36448
3.1385349319  1.6513  0.37003
3.136664471  1.641  0.37603
3.1347962382  1.6391  0.38214
3.1329302296  1.6273  0.38963
3.1309684085  1.6378  0.39418
3.1291069529  1.6273  0.40037
3.1272477093  1.615  0.4081
3.1252929962  1.6258  0.4115
3.1234382809  1.614  0.41799
3.1215857656  1.6112  0.42331
3.1197354464  1.5978  0.43009
3.1177901104  1.6095  0.43353
3.1159442869  1.5977  0.44019
3.1141006477  1.5839  0.44715
3.1121623304  1.5954  0.45076
3.1103231626  1.5821  0.45637
3.1084861672  1.5786  0.46208
3.1066513405  1.5635  0.46798
3.1047222826  1.5757  0.47167
3.1028918952  1.562  0.47746
3.1010636648  1.5467  0.48348
3.0991415378  1.5592  0.48581
3.0973177229  1.5449  0.49176
3.0954960532  1.5405  0.4979
3.0936765252  1.5236  0.50279
3.0917635419  1.5365  0.50517
3.0899483979  1.5218  0.5113
3.0881353839  1.5047  0.5178
3.0862292451  1.5173  0.51878
3.0844205916  1.5011  0.52521
3.0826140567  1.4961  0.52863
3.0808096368  1.4779  0.5354
3.0789125281  1.4903  0.53647
3.0771124377  1.4738  0.54149
3.0753144509  1.4554  0.5468
3.0734241018  1.4682  0.54786
3.0716304214  1.4509  0.55306
3.0698388335  1.4317  0.55691
3.0679552079  1.4445  0.55801
3.0661679034  1.4261  0.56179
3.0643826801  1.4197  0.56554
3.0625995345  1.3989  0.56966
3.0607247796  1.4112  0.56923
3.0589458872  1.3924  0.5731
3.0571690614  1.3719  0.57553
3.0553009471  1.3842  0.57511
3.053528352  1.3641  0.5775
3.0517578125  1.3569  0.57811
3.049989325  1.3356  0.58064
3.0481299723  1.3476  0.57862
3.0463656857  1.3285  0.57919
3.0446034404  1.3076  0.58165
3.0427506466  1.3194  0.57798
3.04099258  1.2992  0.57868
3.0392365438  1.2916  0.57766
3.0374825345  1.2704  0.5768
3.0356383948  1.2827  0.57311
3.0338885349  1.2637  0.57196
3.0321406913  1.2435  0.57095
3.0303030303  1.2559  0.56563
3.0285593143  1.2367  0.56449
3.026817604  1.2298  0.56174
3.0250778958  1.2096  0.55907
3.0232487831  1.2226  0.55218
3.0215131738  1.2054  0.55076
3.0197795561  1.1865  0.54791
3.0179568432  1.1993  0.54117
3.0162273029  1.1825  0.5381
3.0144997438  1.1646  0.53513
3.0126833971  1.1774  0.52697
3.010959894  1.1609  0.52386
3.0092383618  1.1566  0.51781
3.007518797  1.1404  0.51464
3.0057108506  1.1534  0.50825
3.0039953138  1.1387  0.50343
3.0022817341  1.1236  0.50016
3.0004800768  1.1366  0.49245
2.9987705041  1.1226  0.48758
2.9970628784  1.1199  0.48308
2.9953571963  1.1054  0.47974
2.9935638377  1.1188  0.47228
2.991862135  1.1063  0.46877
2.9901623658  1.0928  0.46532
2.9883752204  1.1059  0.45809
2.9866794098  1.0931  0.45461
2.9849855228  1.0909  0.44882
2.9832935561  1.0786  0.44528
2.9815146094  1.0914  0.43974
2.9798265741  1.0801  0.43476
2.9781404491  1.0689  0.43113
2.9763676409  1.0818  0.42576
2.974685427  1.0704  0.42218
2.9730051136  1.0687  0.41792
2.9713266974  1.0571  0.41432
2.9695619896  1.0694  0.4092
2.9678874577  1.0589  0.40556
2.9662148133  1.0481  0.40191
2.9644561705  1.0595  0.39699
2.9627873904  1.0495  0.3907
2.961120488  1.0487  0.38915
2.9594554602  1.0375  0.38552
2.9577048211  1.0483  0.38082
2.9560436312  1.0391  0.37454
2.9543843063  1.0299  0.37338
2.9526396599  1.0403  0.36884
2.9509841532  1.0297  0.36518
2.949330502  1.0279  0.35993
2.947678703  1.0183  0.35622
2.9459419649  1.0287  0.35188
2.9442939583  1.0189  0.34818
2.9426477945  1.0094  0.34321
2.9409169779  1.0197  0.33781
2.939274587  1.0108  0.33408
2.9376340296  1.0019  0.32911
2.9359091043  1.0118  0.3239
2.9342723005  1.0028  0.32016
2.9326373207  1.001  0.31517
2.931004162  0.9923  0.31022
2.9292870115  1.0018  0.3041
2.9276575812  0.9939  0.30035
2.9260299625  0.9863  0.29426
2.9243186338  0.9956  0.28952
2.9226947245  0.9878  0.28463
2.9210726179  0.9868  0.27985
2.9194523107  0.9793  0.27496
2.9177486651  0.9875  0.26933
2.9161320425  0.9808  0.26339
2.9145172102  0.9746  0.25857
2.9128193178  0.9822  0.25315
2.9112081514  0.9759  0.24621
2.9095987663  0.9756  0.24169
2.9079911597  0.9701  0.23483
2.9063008603  0.9783  0.22977
2.9046968949  0.9731  0.22407
2.9030946989  0.9684  0.21841
2.9014100853  0.976  0.21253
2.8998115123  0.9712  0.20694
2.8982146997  0.9715  0.20074
2.8966196449  0.9681  0.1943
2.8949425354  0.9758  0.18882
2.8933510792  0.9728  0.18255
2.8917613719  0.9705  0.17734
2.8900898818  0.9779  0.17212
2.8885037551  0.9752  0.16697
2.8869193683  0.9732  0.16097
2.8852534695  0.9803  0.15599
2.8836726455  0.9784  0.15013
2.8820935528  0.9805  0.14478
2.8805161885  0.9795  0.14003
2.8788576693  0.9863  0.13535
2.8772838441  0.9855  0.12985
2.8757117387  0.9853  0.12534
2.8740587458  0.992  0.12089
2.8724901617  0.9914  0.11644
2.8709232889  0.9939  0.11159
2.8693581246  0.9942  0.10734
2.8677124258  1.0007  0.10316
2.8661507595  1.0011  0.099034
2.8645907932  1.0021  0.095013
2.8629505568  1.0082  0.091788
2.8613940712  1.0088  0.087809
2.859839277  1.0118  0.084232
2.8582861716  1.0129  0.081196
2.8566531452  1.0186  0.078097
2.8551034975  1.0194  0.075089
2.8535555302  1.0207  0.07142
2.8519279033  1.0265  0.06847
2.8503833766  1.0277  0.066347
2.8488405219  1.0304  0.063014
2.8472993366  1.0323  0.060312
2.8456788367  1.0373  0.058845
2.8441410694  1.0385  0.056086
2.8426049632  1.0403  0.053449
2.8409898008  1.045  0.05199
2.8394570958  1.0463  0.049332
2.8379260436  1.049  0.047599
2.8363966417  1.0507  0.045046
2.8347885248  1.0552  0.04363
2.8332625018  1.0567  0.041774
2.8317381209  1.0585  0.039966
2.8301352805  1.0625  0.038521
2.8286142619  1.0641  0.036709
2.8270948773  1.0667  0.035076
2.8255771241  1.0684  0.033976
2.8239812488  1.0719  0.032504
2.822466836  1.0735  0.030764
2.8209540467  1.0753  0.029701
2.8193633877  1.0787  0.028253
2.8178539225  1.0803  0.027178
2.8163460726  1.0821  0.025502
2.8147606046  1.0855  0.024716
2.8132560626  1.0871  0.023662
2.8117531281  1.0892  0.022697
2.8102517986  1.0909  0.02166
2.8086731828  1.0937  0.020818
2.8071751397  1.0952  0.019775
2.8056786937  1.0969  0.018756
2.80410521  1.0996  0.017905
2.8026120344  1.1011  0.016883
2.8011204482  1.1031  0.01594
2.7996304488  1.1049  0.014968
2.7980637399  1.1075  0.014718
2.7965769898  1.109  0.013712
2.7950918188  1.1105  0.013317
2.7935301841  1.1127  0.012426
2.7920482466  1.1144  0.011453
2.7905678806  1.1163  0.011122
2.7890890835  1.1178  0.010725
2.7875341473  1.1197  0.010396
2.786058563  1.1211  0.0093943
2.78458454  1.1225  0.0089994
2.783034621  1.1246  0.0081029
2.7815637952  1.1261  0.0077192
2.7800945232  1.1276  0.0073347
2.7786268026  1.1291  0.0063707
2.7770835069  1.1311  0.0060647
2.775618963  1.1325  0.0056773
2.774155963  1.134  0.0052896
2.7726176283  1.1357  0.0049459
2.7711577897  1.1371  0.0045479
2.7696994876  1.1384  0.0041541
2.76816609  1.1401  0.0037983
2.766710934  1.1414  0.0034004
2.7652573072  1.1428  0.0030186
2.763805207  1.1443  0.0026375
2.7622783272  1.1457  0.0028158
2.7608293531  1.147  0.001855
2.7593818985  1.1484  0.00203
2.7578599007  1.1497  0.0016409
2.7564155572  1.1511  0.0012498
2.7549727258  1.1523  0.0014016
2.753531404  1.1534  0.0009788
2.7520158516  1.1547  0.00058791
2.7505776213  1.156  0.00019675
2.7491408935  1.1571  0.00033551
2.747630169  1.1585  0.0
2.7461965178  1.16  0.0
2.744764362  1.1611  0.0
2.7433336991  1.1622  0.0
2.7418293485  1.1634  0.0
2.7404017429  1.1646  0.0
2.7389756231  1.1657  0.0
2.7374760471  1.1669  0.0
2.73605297  1.1681  0.0
2.7346313717  1.1691  0.0
2.7332112499  1.1702  0.0
2.7317179774  1.1712  0.0
2.7303008792  1.1721  0.0
2.7288852504  1.1731  0.0
2.7273966998  1.1741  0.0
2.7259840803  1.1749  0.0
2.7245729232  1.1756  0.0
2.7231632264  1.1762  0.0
2.7216809101  1.1769  0.0
2.7202742036  1.1776  0.0
2.7188689505  1.1783  0.0
2.7173913043  1.1791  0.0
2.7159890274  1.18  0.0
2.714588197  1.1811  0.0
2.7131888108  1.1822  0.0
2.7117173306  1.1832  0.0
2.710320902  1.1841  0.0
2.7089259109  1.1849  0.0
2.7074590497  1.1856  0.0
2.7060670022  1.1865  0.0
2.7046763855  1.1876  0.0
2.7032141216  1.1883  0.0
2.7018264347  1.189  0.0
2.7004401717  1.1898  0.0
2.6990553306  1.1907  0.0
2.6975991368  1.1914  0.0
2.6962172073  1.1923  0.0
2.6948366929  1.1932  0.0
2.6933850463  1.1935  0.0
2.6920074299  1.1942  0.0
2.6906312221  1.195  0.0
2.6892564206  1.196  0.0
2.6878107781  1.1968  0.0
2.6864388567  1.1976  0.0
2.685068335  1.1983  0.0
2.6836271905  1.1989  0.0
2.6822595354  1.1996  0.0
2.6808932736  1.2002  0.0
2.679528403  1.2008  0.0
2.6780931976  1.2015  0.0
2.6767311759  1.2023  0.0
2.6753705388  1.2027  0.0
2.6739397829  1.2032  0.0
2.6725819815  1.204  0.0
2.6712255583  1.2048  0.0
2.6698705113  1.205  0.0
2.6684456304  1.2052  0.0
2.6670934016  1.2062  0.0
2.6657425426  1.2072  0.0
2.6643220633  1.2073  0.0
2.6629740094  1.2077  0.0
2.6616273189  1.2085  0.0
2.6602112208  1.2089  0.0
2.6588673225  1.2095  0.0
2.6575247814  1.2101  0.0
2.6561835954  1.2109  0.0
2.6547732824  1.2113  0.0
2.6534348714  1.2118  0.0
2.6520978094  1.2123  0.0
2.6506918306  1.2125  0.0
2.6493575308  1.2133  0.0
2.6480245737  1.2139  0.0
2.6466929572  1.2145  0.0
2.6452927016  1.2149  0.0
2.6439638306  1.2154  0.0
2.642636294  1.2161  0.0
2.6412403265  1.2165  0.0
2.6399155227  1.2171  0.0
2.6385920473  1.2176  0.0
2.6372698982  1.2182  0.0
2.635879593  1.2185  0.0
2.6345601602  1.2191  0.0
2.6332420476  1.2196  0.0
2.6318559848  1.2199  0.0
2.6305405761  1.2204  0.0
2.6292264816  1.2208  0.0
2.6279136993  1.2212  0.0
2.6265332388  1.2214  0.0
2.625223144  1.222  0.0
2.6239143554  1.2227  0.0
2.6225380924  1.2231  0.0
2.621231979  1.2238  0.0
2.619927166  1.2239  0.0
2.6186236514  1.2241  0.0
2.6172529313  1.2247  0.0
2.6159520758  1.2251  0.0
2.6146525127  1.2254  0.0
2.6132859457  1.2258  0.0
2.6119890296  1.2262  0.0
2.6106934002  1.2268  0.0
2.6093309675  1.2272  0.0
2.608037973  1.2277  0.0
2.6067462593  1.2282  0.0
2.6054558245  1.2285  0.0
2.6040988516  1.2287  0.0
2.6028110359  1.229  0.0
2.6015244934  1.2295  0.0
2.6001716113  1.2298  0.0
2.5988876761  1.2302  0.0
2.5976050082  1.2307  0.0
2.5963236058  1.2314  0.0
2.5949761262  1.2316  0.0
2.5936973155  1.2316  0.0
2.5924197646  1.2319  0.0
2.5910763331  1.2323  0.0
2.5898013622  1.2328  0.0
2.5885276455  1.2332  0.0
2.587255181  1.2337  0.0
2.5859170955  1.234  0.0
2.5846471957  1.2345  0.0
2.5833785425  1.2347  0.0
2.5820444628  1.2348  0.0
2.5807783628  1.2353  0.0
2.5795135038  1.2357  0.0
2.578249884  1.2361  0.0
2.5769210947  1.2363  0.0
2.5756600129  1.2368  0.0
2.5744001648  1.2372  0.0
2.5730753396  1.2373  0.0
2.5718180182  1.2375  0.0
2.5705619248  1.238  0.0
2.5693070579  1.2382  0.0
2.5679874682  1.2383  0.0
2.5667351129  1.2388  0.0
2.5654839786  1.2392  0.0
2.564168312  1.2394  0.0
2.5629196781  1.2398  0.0
2.5616722597  1.2401  0.0
2.5603604988  1.2403  0.0
2.5591155697  1.2407  0.0
2.5578718506  1.241  0.0
2.5566293399  1.2413  0.0
2.5553227373  1.2415  0.0
2.5540827012  1.2418  0.0
2.5528438681  1.2422  0.0
2.5515411308  1.2423  0.0
2.5503047614  1.2427  0.0
2.5490695896  1.2429  0.0
2.5478356136  1.2432  0.0
2.5465379816  1.2435  0.0
2.5453064549  1.244  0.0
2.5440761188  1.2442  0.0
2.5427823124  1.2443  0.0
2.5415544147  1.2446  0.0
2.5403277023  1.245  0.0
2.5391021735  1.2454  0.0
2.53781342  1.2455  0.0
2.5365903153  1.2458  0.0
2.535368389  1.2461  0.0
2.534083422  1.2463  0.0
2.5328639092  1.2466  0.0
2.5316455696  1.2468  0.0
2.5304284015  1.2471  0.0
2.5291484357  1.2472  0.0
2.527933667  1.2475  0.0
2.5267200647  1.2479  0.0
2.5254438468  1.2482  0.0
2.5242326333  1.2485  0.0
2.5230225811  1.2487  0.0
2.5218136884  1.2489  0.0
2.5205424207  1.2491  0.0
2.5193359031  1.2494  0.0
2.5181305399  1.2497  0.0
2.516862982  1.2498  0.0
2.5156599834  1.2501  0.0
2.5144581343  1.2503  0.0
2.5131942699  1.2506  0.0
2.5119947751  1.251  0.0
2.5107964246  1.2513  0.0
2.509599217  1.2517  0.0
2.5083402313  1.252  0.0
2.5071453643  1.2525  0.0
2.5059516351  1.2527  0.0
2.5046963056  1.253  0.0
2.5035049069  1.2534  0.0
2.502314641  1.254  0.0
2.5011255065  1.2545  0.0
