hudgins1993
10
pe
wavel  n  k
199.389867007  1.7329  0.0
192.0049153258  1.7322  0.0199
185.1474699598  1.7355  0.0
178.7629603146  1.7439  0.0172
172.8040920009  1.7426  0.0192
167.2296732332  1.7331  0.0363
162.0036612827  1.7325  0.0
157.0943823049  1.7486  0.0
152.4738888465  1.7683  0.0
148.1174274965  1.7844  0.0238
144.0050689784  1.7788  0.0585
140.1129310224  1.7654  0.0595
136.4256480218  1.7653  0.0477
132.9274614843  1.7651  0.0676
129.6041888074  1.7499  0.0754
126.4430310923  1.763  0.0205
123.4324084132  1.7712  0.0875
120.5618180722  1.7539  0.0709
117.8217121851  1.7558  0.054
115.2033915878  1.7704  0.0437
112.6989135825  1.7859  0.0597
110.3010114603  1.7773  0.0977
108.0030240847  1.7732  0.0608
105.7988340968  1.789  0.068
103.6828135368  1.7893  0.0936
101.6497758622  1.7951  0.0696
99.6909580301  1.805  0.099
97.8090766823  1.8095  0.0948
96.0061443932  1.8263  0.1049
94.2595909134  1.8051  0.1893
92.5754489909  1.7788  0.1286
90.9504320146  1.7909  0.1218
89.3814801573  1.8007  0.1298
87.8657411475  1.807  0.1376
86.4005529635  1.8099  0.1499
84.9834282315  1.816  0.1496
83.6190316916  1.8197  0.1715
82.2909809085  1.8215  0.1771
81.004455245  1.8213  0.1984
79.7575370873  1.8189  0.2052
78.5484251041  1.8174  0.2216
77.3754255648  1.8121  0.2367
76.2369444233  1.805  0.2491
75.1314800902  1.7939  0.2646
74.0576168259  1.7844  0.2634
73.0140186916  1.7767  0.2754
72.0046082949  1.768  0.2729
71.0176834032  1.7637  0.2801
70.0574471066  1.7569  0.285
69.1228312712  1.753  0.2842
68.2128240109  1.7483  0.2951
67.3264660338  1.7453  0.2916
66.4628472684  1.7411  0.3084
65.621103747  1.7352  0.3066
64.8004147227  1.7317  0.3181
64.0040962622  1.722  0.3256
63.2231143706  1.7179  0.3234
62.4609618988  1.712  0.3386
61.716965994  1.7026  0.3411
60.9904854843  1.6931  0.3485
60.2809090361  1.6843  0.3461
59.5876534382  1.6777  0.3492
58.9101620029  1.6723  0.3474
58.2479030755  1.6692  0.3497
57.6003686424  1.6648  0.357
56.9703184641  1.6596  0.3552
56.3507269244  1.6539  0.3683
55.7444673616  1.6511  0.3568
55.1511140525  1.6505  0.3754
54.5702592087  1.6425  0.3832
54.0015120423  1.6346  0.3897
53.4444978889  1.625  0.399
52.8988573847  1.6153  0.4016
52.364245693  1.6044  0.4111
51.8403317781  1.5937  0.4107
51.3294322965  1.583  0.4137
50.8259212198  1.5732  0.4186
50.3321924703  1.5639  0.4168
49.8479637107  1.5539  0.4251
49.3729633653  1.5427  0.424
48.906930112  1.5317  0.4293
48.4496124031  1.5212  0.427
48.0007680123  1.5095  0.4348
47.560163607  1.497  0.4332
47.1297954567  1.483  0.4353
46.7049647378  1.4693  0.4374
46.2877244955  1.4544  0.4345
45.8778731018  1.4392  0.4339
45.4752160073  1.4239  0.428
45.079565433  1.4086  0.4243
44.6907400787  1.3928  0.4153
44.3085648456  1.3812  0.401
43.9328705738  1.3716  0.3937
43.5634937922  1.362  0.3832
43.2002764818  1.3532  0.3758
42.8449014567  1.3443  0.361
42.4935197382  1.3399  0.3537
42.1478546742  1.3318  0.3485
41.8077678833  1.3245  0.3347
41.4731254147  1.3192  0.3269
41.1437975725  1.3134  0.3172
40.8196587477  1.3072  0.3087
40.5005872585  1.3026  0.2948
40.1864651985  1.3004  0.2856
39.8787685436  1.2955  0.2772
39.5741818038  1.2935  0.2642
39.274212552  1.2918  0.2564
38.9787565777  1.2913  0.2434
38.6877127824  1.2912  0.2385
38.4009830652  1.2895  0.23
38.1184722116  1.2883  0.2216
37.840087789  1.2875  0.2132
37.5657400451  1.2878  0.2048
37.2967328062  1.2862  0.1987
37.0301795964  1.2869  0.1877
36.7674093683  1.2867  0.1844
36.5083421562  1.2857  0.1738
36.252900232  1.2863  0.166
36.0010080282  1.2872  0.1573
35.7525920629  1.289  0.1487
35.5075808685  1.2909  0.142
35.2659049231  1.2936  0.1336
35.0287235533  1.2953  0.1289
34.7935005741  1.2977  0.1208
34.5614156356  1.3004  0.1154
34.3324063584  1.303  0.1092
34.1064120055  1.3056  0.104
33.8833734287  1.3073  0.0997
33.6632330169  1.3095  0.0922
33.4459346466  1.3118  0.0881
33.2314236342  1.3136  0.0816
33.0196466898  1.3166  0.0744
32.8116284411  1.3197  0.0689
32.605151614  1.3234  0.0627
32.4012571688  1.3267  0.0582
32.1998969603  1.3312  0.0498
32.0010240328  1.3358  0.0478
31.8045925832  1.3403  0.0405
31.6105579263  1.3451  0.0385
31.418876461  1.349  0.0336
31.2295056369  1.3535  0.0296
31.0424039238  1.358  0.0256
30.858482997  1.3629  0.021
30.6757876008  1.3676  0.0186
30.4952427421  1.3726  0.0135
30.3168106715  1.3779  0.0112
30.1404545181  1.3832  0.0069
29.9661382638  1.3894  0.0033
29.7938267191  1.3955  0.0012
29.6234854993  1.4023  0.0
29.4550810015  1.4092  0.0
29.2894382286  1.416  0.0
29.124799767  1.4228  0.0
28.9620018536  1.4291  0.0
28.8010137957  1.4346  0.0
28.6418055794  1.4395  0.0
28.4843478509  1.4443  0.0010999
28.328611898  1.4484  0.0025001
28.1745696334  1.4526  0.0027
28.0221935773  1.4567  0.0046999
27.871456841  1.4604  0.0053999
27.7231016606  1.4643  0.0062
27.5755570263  1.468  0.0075001
27.4295745673  1.4721  0.0075999
27.2851296044  1.4761  0.0101
27.1421979752  1.4797  0.0107
27.0007560212  1.4837  0.0125
26.8607805743  1.4873  0.0149
26.7222489445  1.4906  0.0166
26.5851389074  1.4937  0.0195
26.4494286923  1.4965  0.0212
26.3157894737  1.499  0.024
26.182808368  1.5013  0.0257
26.0511644871  1.5037  0.0279
25.9208377615  1.5054  0.0306
25.7918085216  1.507  0.0316
25.6640574875  1.5091  0.0327
25.5375657592  1.5116  0.0337
25.4123148078  1.5141  0.0357
25.2882864657  1.5166  0.0372
25.1660962352  1.5189  0.0393
25.0444539057  1.5212  0.0418
24.9239818553  1.5232  0.0438
24.8046632767  1.525  0.0468
24.6864816826  1.5267  0.0482
24.5694208987  1.5281  0.0517
24.453465056  1.5295  0.0526
24.3385985835  1.5308  0.056
24.2248062016  1.5318  0.0574
24.112654321  1.5328  0.0593
24.0009600384  1.534  0.0611
23.8902957619  1.5353  0.0624
23.7806473092  1.5365  0.0647
23.6720007575  1.5379  0.0655
23.564342437  1.5395  0.0678
23.4576589256  1.541  0.0695
23.3519370432  1.5423  0.0722
23.247163846  1.5433  0.0739
23.1433266218  1.5448  0.0756
23.0404128842  1.5461  0.0787
22.9389365509  1.5468  0.0804
22.8378285793  1.5477  0.0835
22.7376080036  1.5483  0.0851
22.6382631924  1.5491  0.0872
22.5397827165  1.5498  0.0893
22.4421553446  1.5504  0.0914
22.3453700393  1.551  0.0935
22.2494159528  1.5517  0.095
22.1542824228  1.5528  0.097
22.060445621  1.5533  0.0991
21.9669178218  1.554  0.102
21.8741797183  1.5545  0.1035
21.7822213509  1.5553  0.1054
21.691032927  1.556  0.1083
21.6006048169  1.5564  0.1103
21.5109275512  1.5569  0.1131
21.4219918168  1.557  0.1155
21.3337884542  1.5573  0.1174
21.2463084539  1.5576  0.1206
21.1599906896  1.557  0.1221
21.0739273371  1.5572  0.1249
20.9885612341  1.5572  0.1263
20.9038839416  1.5573  0.1291
20.8198871562  1.5572  0.1309
20.7365627074  1.557  0.1337
20.6539025549  1.5568  0.1355
20.5718987863  1.5567  0.1378
20.4905436141  1.5567  0.1405
20.4102459435  1.5556  0.1428
20.3301618281  1.5553  0.145
20.250703712  1.5546  0.1473
20.1718642837  1.5537  0.1496
20.0936363454  1.5526  0.1519
20.0160128102  1.5512  0.1538
19.9389867007  1.5507  0.1538
19.8625511461  1.5497  0.1579
19.7866993807  1.5482  0.1585
19.7118132897  1.5464  0.1592
19.637106276  1.546  0.1596
19.5629633977  1.5462  0.16
19.4893782888  1.5456  0.1637
19.416344679  1.5442  0.1642
19.3438563912  1.5428  0.1663
19.2719073407  1.5419  0.165
19.2004915326  1.5411  0.1672
19.1296030607  1.5417  0.1637
19.0592361058  1.5428  0.1694
18.9897455374  1.5411  0.1695
18.9204018693  1.5407  0.1718
18.8515627946  1.5399  0.1718
18.7832228254  1.5391  0.174
18.7153765534  1.538  0.174
18.648018648  1.5384  0.1725
18.5811438552  1.5386  0.176
18.514746996  1.5379  0.176
18.4488229651  1.5387  0.1762
18.3837046842  1.5378  0.1796
18.3187088974  1.537  0.18
18.2541710781  1.5365  0.1801
18.1900864029  1.5365  0.1804
18.126450116  1.5372  0.1804
18.0632575279  1.5381  0.1823
18.0005040141  1.5378  0.1855
17.9381850144  1.5368  0.1859
17.8762960315  1.537  0.1857
17.8148326296  1.5372  0.1876
17.7537904343  1.5379  0.1878
17.6934781839  1.5381  0.1897
17.6332633881  1.538  0.1932
17.5734570505  1.5369  0.1934
17.5140550292  1.5373  0.1932
17.4550532379  1.5379  0.1952
17.3964476454  1.5381  0.197
17.3382342742  1.5377  0.1989
17.2804092001  1.5379  0.1989
17.2229685509  1.5392  0.2008
17.1662031792  1.5381  0.2044
17.1095180249  1.538  0.2046
17.0532060027  1.5379  0.2064
16.9972634406  1.5383  0.2065
16.9416867143  1.5391  0.2086
16.8864722471  1.5398  0.2105
16.8316165084  1.54  0.214
16.7771160138  1.5395  0.2162
16.7229673233  1.5395  0.2184
16.6694449075  1.5379  0.2206
16.6159879036  1.5382  0.2209
16.5628726646  1.5387  0.2229
16.5100959237  1.5383  0.2264
16.4576544551  1.5379  0.227
16.4055450742  1.5384  0.2288
16.3537646366  1.5382  0.2327
16.3023100373  1.5372  0.2345
16.2511782104  1.5372  0.2351
16.2003661283  1.5379  0.2386
16.1501316236  1.5365  0.2406
16.0999484802  1.537  0.2424
16.0500762379  1.5367  0.246
16.0005120164  1.536  0.248
15.9512529709  1.5356  0.25
15.9022962916  1.5358  0.252
15.8536392029  1.5358  0.2555
15.8052789632  1.535  0.2592
15.7572128642  1.5345  0.2616
15.7096850208  1.533  0.2641
15.6621977196  1.5328  0.2678
15.6149966428  1.5316  0.2705
15.5680792104  1.5309  0.273
15.5214428733  1.5298  0.277
15.475085113  1.5285  0.2795
15.4290034407  1.5269  0.2839
15.3831953973  1.5247  0.2864
15.337658553  1.5227  0.2888
15.2923905065  1.5218  0.2907
15.2476213711  1.5189  0.2944
15.2028824665  1.5173  0.2962
15.1584053358  1.5156  0.298
15.114187688  1.5137  0.3007
15.070227259  1.512  0.3016
15.026521811  1.5113  0.3027
14.9830691319  1.5109  0.3054
14.9398670352  1.5089  0.3104
14.8969133596  1.5074  0.3091
14.8542059684  1.5079  0.3126
14.8119621406  1.5058  0.3149
14.7697397572  1.5043  0.3168
14.7277574044  1.5489  0.3097
14.6963729352  1.4779  0.3414
14.6548060436  1.5053  0.3372
14.6134736227  1.4997  0.3403
14.572373694  1.4968  0.3427
14.531715469  1.4929  0.3454
14.4910734987  1.4902  0.3509
14.4506582275  1.486  0.3537
14.4104677638  1.4822  0.3564
14.3705002371  1.4786  0.359
14.3307537976  1.475  0.3616
14.291226616  1.4715  0.3643
14.2519168828  1.4679  0.3669
14.2128228087  1.4643  0.3696
14.1739426239  1.4615  0.3721
14.1354743865  1.4563  0.3751
14.0970156618  1.4531  0.3776
14.0587656404  1.4489  0.3805
14.020722628  1.4439  0.3835
13.9828849488  1.4398  0.3832
13.9452509448  1.4364  0.3858
13.9078189758  1.4324  0.3885
13.8705874194  1.4274  0.3916
13.8335546702  1.4239  0.3911
13.7969094923  1.4188  0.3942
13.7602686004  1.4145  0.3971
13.7238218099  1.4099  0.3969
13.6875675824  1.4053  0.3998
13.6515043958  1.4009  0.3996
13.6156307441  1.3964  0.4026
13.579945137  1.3919  0.4023
13.5444460999  1.3873  0.4053
13.5091321733  1.3826  0.4051
13.4740019133  1.3788  0.4079
13.4392345012  1.3724  0.4083
13.4044663682  1.368  0.4112
13.3698776656  1.3619  0.4114
13.3354670081  1.3564  0.4115
13.3012330243  1.3512  0.4115
13.2671743572  1.3462  0.4115
13.2332896635  1.3414  0.4114
13.1995776135  1.3371  0.4111
13.1660368912  1.3312  0.4145
13.1326661939  1.3262  0.4112
13.0996358301  1.3203  0.4114
13.0666004626  1.3165  0.4111
13.0337312966  1.3122  0.4108
13.0010270811  1.3063  0.4142
12.9684865776  1.3001  0.4113
12.9361085598  1.295  0.4113
12.9038918138  1.2889  0.4116
12.8718351375  1.2833  0.4085
12.8399373411  1.279  0.4083
12.8083612983  1.2725  0.4054
12.7767769303  1.269  0.405
12.745347948  1.2633  0.4051
12.7140732076  1.258  0.402
12.6829515765  1.2528  0.402
12.651981933  1.2477  0.3988
12.6211631664  1.2425  0.3988
12.5904941769  1.2367  0.3957
12.5599738753  1.2323  0.3923
12.5296011828  1.2284  0.392
12.4995312676  1.2215  0.3892
12.4694498479  1.218  0.3856
12.4395128687  1.2133  0.3855
12.4097192921  1.2077  0.3824
12.3800680904  1.2028  0.3791
12.3505582452  1.1984  0.3757
12.3211887483  1.1947  0.3722
12.2919586007  1.1903  0.372
12.262866813  1.1858  0.3686
12.2340620756  1.1797  0.3656
12.2052433726  1.1758  0.3621
12.1765601218  1.1713  0.3587
12.1480113705  1.167  0.3553
12.1195961751  1.1627  0.3519
12.0913136003  1.1583  0.3485
12.06316272  1.1535  0.3452
12.0351426164  1.1501  0.3384
12.0072523804  1.1462  0.3381
11.9794911112  1.1426  0.3313
11.9520007649  1.1383  0.3279
11.9244941033  1.1356  0.3242
11.8971137602  1.1319  0.3206
11.8698588674  1.1275  0.3173
11.8427285647  1.1239  0.3106
11.8157219997  1.1212  0.3068
11.7888383279  1.1174  0.3033
11.7620767123  1.1143  0.2966
11.7354363235  1.1126  0.2927
11.7090534401  1.1081  0.2894
11.6826524294  1.1057  0.2825
11.6563702063  1.1031  0.2788
11.6302059709  1.1009  0.272
11.6041589306  1.0992  0.2682
11.5782282995  1.0964  0.2646
11.5524132991  1.094  0.2579
11.5267131577  1.0919  0.2542
11.5011271105  1.09  0.2474
11.4756543992  1.0887  0.2436
11.4504253833  1.0862  0.237
11.425176519  1.0852  0.2332
11.4000387601  1.0838  0.2265
11.375011375  1.0826  0.2227
11.3500936383  1.0815  0.2161
11.3252848309  1.0805  0.2123
11.3005842402  1.0797  0.2057
11.2759911596  1.0789  0.202
11.2515048888  1.0782  0.1953
11.2271247334  1.0781  0.1917
11.2029755103  1.0769  0.1851
11.1788049857  1.0769  0.1815
11.1547385329  1.0766  0.175
11.1307754811  1.0763  0.1714
11.1069151654  1.0757  0.165
11.0831569264  1.0764  0.1585
11.0595001106  1.077  0.1549
11.0359440698  1.0775  0.1485
11.0124881616  1.0785  0.145
10.989252511  1.0786  0.1387
10.9659944512  1.0797  0.1353
10.9428346319  1.0806  0.1291
10.9197724319  1.0816  0.1256
10.8968072355  1.0826  0.1195
10.8739384318  1.0838  0.1162
10.8511654152  1.0851  0.1101
10.8284875851  1.0865  0.1068
10.8059043461  1.0881  0.1009
10.7834151076  1.09  0.0976
10.7611350845  1.0915  0.0918
10.7388316151  1.0941  0.0886
10.7166204066  1.0954  0.0855
10.6945008876  1.0971  0.0798
10.6724724917  1.0992  0.0767
10.6505346568  1.1015  0.0711
10.6286868257  1.1044  0.0681
10.6069284457  1.1063  0.0651
10.5852589684  1.1089  0.0597
10.5637894425  1.1119  0.0568
10.5422956903  1.1147  0.0539
10.5208892256  1.1172  0.0511
10.4995695176  1.1192  0.0483
10.4783360402  1.1221  0.043
10.4571882712  1.1258  0.0403
10.4361256927  1.1295  0.0377
10.4151477909  1.1324  0.0374
10.3942540564  1.1344  0.0347
10.3734439834  1.1369  0.0321
10.3528242505  1.1394  0.0295
10.3321795733  1.1423  0.0269
10.3116170678  1.1454  0.0244
10.2911362444  1.1489  0.0218
10.2707366172  1.1518  0.0217
10.2504177045  1.1542  0.0192
10.2301790281  1.1575  0.0167
10.2100201137  1.1605  0.0166
10.1899404907  1.1633  0.0142
10.170043121  1.166  0.014
10.1501202789  1.1687  0.0116
10.1302753409  1.1714  0.0115
10.1105078508  1.1742  0.0091
10.0908173562  1.1773  0.0089999
10.0712034081  1.1794  0.0089
10.051665561  1.182  0.0065
10.0322033728  1.185  0.0064
10.012816405  1.1876  0.0063
9.9940035978  1.1894  0.0062
9.9740674247  1.1914  0.006
9.9552015928  1.1934  0.0037
9.9364069952  1.1961  0.0036
9.9166997223  1.1986  0.0035
9.8980500841  1.2006  0.0034
9.8794704604  1.2025  0.0032001
9.8609604575  1.2042  0.0031
9.8415510284  1.2059  0.003
9.8231827112  1.2071  0.0028
9.8048828317  1.2088  0.00059998
9.7856933164  1.2113  0.00049996
9.7675327212  1.2132  0.00030005
9.7494394072  1.2149  0.00020003
9.7304660893  1.2163  0.00010002
9.7125097125  1.2182  0.0
9.6946194862  1.2207  0.0
9.6767950455  1.2228  0.0
9.6581031485  1.2247  0.0
9.6404126097  1.2264  0.0
9.622786759  1.2281  0.0
9.6043027276  1.2297  0.0
9.5868085514  1.2313  0.0
9.5693779904  1.2328  0.0
9.5520106983  1.2342  0.0
9.5337973115  1.2357  0.0
9.5165588123  1.237  0.0
9.4993825401  1.2384  0.0
9.4813691097  1.2397  0.0
9.4643195154  1.241  0.0
9.447331129  1.2422  0.0
9.4304036213  1.2434  0.0
9.4126506024  1.2446  0.0
9.3958470356  1.2457  0.0
9.3791033577  1.2466  0.0
9.3615427823  1.2483  0.0
9.3449210354  1.2501  0.0
9.328358209  1.2508  0.0
9.3118539901  1.2518  0.0
9.2945441026  1.2529  0.0
9.2781592132  1.2539  0.0
9.2618319904  1.2549  0.0
9.244707405  1.2559  0.0
9.2284976006  1.2569  0.0
9.2123445417  1.2579  0.0
9.1962479308  1.2589  0.0
9.179364788  1.2599  0.0
9.163383121  1.2609  0.0
9.147457007  1.2619  0.0
9.130752374  1.2629  0.0
9.1149393857  1.2639  0.0
9.0991810737  1.2651  0.0
9.0826521344  1.2655  0.0017999
9.0670051682  1.2658  0.0
9.0514120203  1.267  0.0
9.0358724135  1.268  0.0
9.0195724723  1.269  0.0
9.0041419053  1.27  0.00010002
8.9887640449  1.2709  0.00010002
8.9726334679  1.272  0.00010002
8.9573629523  1.273  0.00020003
8.9421443262  1.2744  0.00020003
8.9269773255  1.2751  0.0021
8.9110675459  1.2754  0.0021
8.8960056934  1.2758  0.0021
8.8809946714  1.2763  0.0021
8.865248227  1.277  0.0021
8.8503407381  1.2776  0.0021
8.8354833009  1.2783  0.0021
8.8206756638  1.2789  0.0021
8.805142203  1.2797  0.0022
8.7904360056  1.2803  0.0022
8.7757788504  1.2809  0.0022
8.7604029785  1.2817  0.0022
8.7458457233  1.2823  0.0022
8.7313367677  1.283  0.0022
8.7168758717  1.2837  0.0023
8.7017055343  1.2845  0.0023
8.6873425419  1.2852  0.0023
8.6730268864  1.2859  0.0023
8.658008658  1.2868  0.0023
8.6437894373  1.2876  0.0024
8.629616845  1.2888  0.0024
8.6154906522  1.2893  0.0041
8.6006708523  1.2895  0.0041
8.5866391894  1.2898  0.0041
8.5726532362  1.2901  0.0041
8.5579803166  1.2908  0.0041
8.5440874915  1.2912  0.0042
8.5302396997  1.2917  0.0042
8.5157114877  1.2924  0.0042
8.5019554498  1.2929  0.0042
8.4882437824  1.2935  0.0042
8.4745762712  1.294  0.0042
8.4602368866  1.2949  0.0042
8.4466593462  1.2955  0.0042
8.4331253162  1.2963  0.0042
8.4189257451  1.2968  0.0059
8.4054803732  1.2972  0.0043
8.3920778785  1.298  0.0059
8.3787180561  1.298  0.0059
8.3647009619  1.2985  0.0059
8.3514280942  1.2988  0.0059
8.3381972817  1.2991  0.0059
8.3243153251  1.2999  0.0059
8.3111702128  1.3003  0.0059
8.2980665505  1.3008  0.0059
8.2850041425  1.3013  0.0059
8.2712985939  1.3022  0.006
8.2583202577  1.3031  0.006
8.2453825858  1.3034  0.0075999
8.231807705  1.3036  0.0075999
8.2189529054  1.3037  0.0075999
8.2061381914  1.304  0.0075999
8.1933633757  1.3042  0.0075999
8.1799591002  1.3049  0.0075999
8.1672655995  1.3052  0.0075999
8.1546114328  1.3055  0.0075999
8.1413335504  1.3064  0.0075999
8.1287595513  1.307  0.0075999
8.1162243324  1.3071  0.0092
8.1037277147  1.3071  0.0075999
8.0906148867  1.3086  0.0075999
8.0781969464  1.3089  0.0092
8.0658170673  1.3087  0.0092
8.0528265421  1.3093  0.0092
8.0405242422  1.3095  0.0092
8.0282594733  1.3097  0.0092
8.0153895479  1.3106  0.0092
8.0032012805  1.3112  0.0092
7.991050024  1.3113  0.0107
7.97893561  1.3114  0.0091
7.9662232136  1.3124  0.0107
7.9541839007  1.3122  0.0107
7.9421809229  1.3122  0.0107
7.9295852827  1.3129  0.0107
7.9176563737  1.313  0.0107
7.9057633014  1.3134  0.0107
7.8939059046  1.3137  0.0107
7.8814627995  1.3146  0.0107
7.8696781302  1.3152  0.0107
7.85792865  1.3153  0.0122
7.8455986192  1.3156  0.0122
7.8339208774  1.3155  0.0122
7.8222778473  1.3158  0.0121
7.8106693744  1.3159  0.0121
7.7984870935  1.3167  0.0121
7.7869490734  1.317  0.0121
7.7754451442  1.3175  0.0121
7.763372409  1.3183  0.0136
7.7519379845  1.3179  0.0136
7.7405371933  1.318  0.0136
7.7291698872  1.318  0.0136
7.7172403149  1.3188  0.0136
7.7059412807  1.319  0.0135
7.6946752847  1.3194  0.0135
7.6828518746  1.3202  0.015
7.6716532413  1.3196  0.015
7.660487207  1.3197  0.015
7.6493536296  1.3195  0.015
7.6376689834  1.3203  0.015
7.6266015863  1.3203  0.0149
7.6155662173  1.3203  0.0149
7.6039844879  1.3212  0.0149
7.5930144267  1.3214  0.0149
7.5820759724  1.3218  0.0149
7.5705958059  1.3226  0.0164
7.5597218022  1.3221  0.0163
7.5488789915  1.3222  0.0163
7.5380672396  1.322  0.0163
7.5267198555  1.3229  0.0163
7.5159714393  1.3229  0.0163
7.5052536776  1.3229  0.0162
7.4940047962  1.3242  0.0162
7.4833495473  1.3241  0.0177
7.4727245554  1.3239  0.0176
7.4621296918  1.3236  0.0176
7.4510096118  1.3244  0.0176
7.4404761905  1.3243  0.0176
7.4299725091  1.3242  0.0176
7.4189479932  1.3252  0.0175
7.4085049637  1.3255  0.0175
7.3980912924  1.3257  0.019
7.3877068558  1.3251  0.0189
7.3768073178  1.3258  0.0189
7.3664825046  1.3255  0.0189
7.3561865529  1.3253  0.0188
7.3453797561  1.3263  0.0188
7.3351426685  1.3262  0.0188
7.3249340756  1.3268  0.0188
7.3147538585  1.3263  0.0202
7.3040683661  1.3272  0.0187
7.2939460248  1.3273  0.0202
7.2838517008  1.3267  0.0201
7.2732562368  1.3275  0.0201
7.2632190587  1.3272  0.0201
7.2532095452  1.3274  0.02
7.2432275822  1.3273  0.02
7.2327498915  1.3283  0.02
7.2228241242  1.3283  0.02
7.2129255626  1.3285  0.02
7.2025352924  1.3295  0.0214
7.1926922247  1.3288  0.0213
7.1828760236  1.3284  0.0213
7.1725720843  1.3294  0.0213
7.1628106869  1.3291  0.0212
7.1530758226  1.3294  0.0212
7.1433673834  1.3293  0.0212
7.1331764035  1.3307  0.0212
7.1235218692  1.3305  0.0225
7.1138934339  1.3298  0.0225
7.1037863181  1.3307  0.0225
7.0942111237  1.3303  0.0224
7.0846617074  1.3306  0.0224
7.0751379652  1.3304  0.0224
7.0651405963  1.3318  0.0224
7.0556692302  1.3316  0.0237
7.0462232244  1.3308  0.0237
7.0363073459  1.3317  0.0237
7.0269130771  1.3313  0.0236
7.0175438596  1.3315  0.0236
7.0081995935  1.3313  0.0236
6.9983903702  1.3327  0.0236
6.9890970087  1.3324  0.0249
6.9798282962  1.3316  0.0249
6.9700982784  1.3324  0.0248
6.9608798552  1.332  0.0248
6.9516857838  1.3321  0.0248
6.9425159678  1.3317  0.0247
6.9328896284  1.3329  0.0247
6.9237693  1.3326  0.0247
6.914672936  1.3325  0.0246
6.9051236017  1.334  0.0246
6.8960761327  1.3336  0.0259
6.8870523416  1.3334  0.0259
6.8780521356  1.3329  0.0259
6.8686036129  1.3339  0.0258
6.8596515297  1.3336  0.0258
6.8507227513  1.3333  0.0258
6.841349114  1.3346  0.0257
6.8324678874  1.3347  0.0257
6.8236096895  1.3343  0.027
6.8143100511  1.3351  0.027
6.8054988431  1.3346  0.027
6.7967103922  1.3348  0.0269
6.7879446104  1.3345  0.0269
6.7787418655  1.336  0.0269
6.7700223411  1.3356  0.0282
6.7613252197  1.3348  0.0281
6.7521944632  1.3359  0.0281
6.7435430575  1.3354  0.0281
6.7349137931  1.3356  0.028
6.7263065851  1.3353  0.028
6.7172701014  1.3369  0.028
6.7087079029  1.3365  0.0292
6.7001675042  1.3357  0.0292
6.6912010706  1.3368  0.0292
6.682705159  1.3364  0.0291
6.6742307949  1.3367  0.0291
6.6657778963  1.3366  0.0291
6.6569032086  1.3379  0.0303
6.6484941161  1.3371  0.0303
6.6401062417  1.3366  0.0303
6.6312997347  1.3379  0.0302
6.6229551626  1.3378  0.0302
6.614631565  1.338  0.0315
6.6063288631  1.3371  0.0314
6.5976116646  1.3383  0.0314
6.5893516078  1.3379  0.0313
6.581112208  1.3378  0.0313
6.5724613868  1.3391  0.0326
6.564264146  1.3382  0.0325
6.5560873271  1.3376  0.0325
6.5475021279  1.3391  0.0325
6.5393669893  1.3389  0.0324
6.531252041  1.3391  0.0337
6.5231572081  1.3382  0.0336
6.5146579805  1.3396  0.0336
6.5066042033  1.3394  0.0335
6.4985703145  1.3388  0.0348
6.4901349948  1.3398  0.0347
6.4821416996  1.3392  0.0347
6.4741680694  1.3397  0.0347
6.4662140317  1.3391  0.0359
6.4578624475  1.3401  0.0359
6.4499484004  1.3394  0.0358
6.4420537267  1.339  0.0358
6.4337643955  1.3408  0.0357
6.4259092662  1.3403  0.037
6.4180732944  1.3402  0.0369
6.4102564103  1.3398  0.0369
6.4020486556  1.3413  0.0381
6.3942707334  1.3404  0.038
6.3865116873  1.34  0.038
6.3783645873  1.3415  0.0392
6.3706440721  1.3404  0.0392
6.3629422245  1.3406  0.0391
6.3552589768  1.3402  0.0391
6.3471913678  1.3418  0.0403
6.3395460885  1.341  0.0403
6.3319192047  1.3405  0.0402
6.3239107064  1.3422  0.0414
6.3163213744  1.3412  0.0414
6.3087502366  1.3417  0.0413
6.3011972275  1.341  0.0425
6.2932662052  1.3425  0.0425
6.2857502043  1.3421  0.0424
6.2782521346  1.3415  0.0436
6.2703787309  1.3433  0.0436
6.2629172669  1.3427  0.0448
6.2554735393  1.342  0.0447
6.2476571286  1.3439  0.0459
6.24024961  1.3432  0.0459
6.232859636  1.3437  0.0471
6.2254871444  1.3426  0.0483
6.2177454455  1.3445  0.0482
6.2104086449  1.3439  0.0494
6.2030891384  1.3428  0.0506
6.195403011  1.3449  0.0505
6.1881188119  1.3444  0.0517
6.1808517214  1.3448  0.0529
6.1736016792  1.344  0.0541
6.1659884079  1.346  0.0565
6.1587731724  1.3445  0.0577
6.1515748031  1.3433  0.0589
6.1440157287  1.3451  0.0613
6.136851795  1.3433  0.0625
6.1297045482  1.3426  0.065
6.1225739301  1.3402  0.0662
6.115085917  1.3414  0.0686
6.1079892499  1.3384  0.0698
6.1009090354  1.3355  0.071
6.0934738895  1.3366  0.0722
6.0864272672  1.3335  0.0734
6.0793969238  1.3319  0.0746
6.072382803  1.3281  0.0759
6.065016982  1.3289  0.0758
6.0580359847  1.3254  0.077
6.0510710396  1.3216  0.0769
6.0437567992  1.3224  0.0768
6.0368246302  1.319  0.0768
6.0299083454  1.3173  0.0767
6.0230078901  1.3139  0.0766
6.0157612946  1.3145  0.0765
6.0088931619  1.3114  0.0752
6.0020406938  1.3085  0.0751
5.9948444338  1.3094  0.075
5.9880239521  1.3063  0.0737
5.9812189724  1.3052  0.0736
5.974429442  1.3019  0.0735
5.9672992004  1.3029  0.0721
5.9605412171  1.2999  0.0721
5.9537985235  1.2968  0.0707
5.946717412  1.2981  0.0693
5.94000594  1.2954  0.0693
5.9333096001  1.2924  0.0679
5.9262771127  1.2936  0.0666
5.9196116735  1.2906  0.0665
5.912961211  1.2894  0.0639
5.9063256748  1.287  0.0638
5.8993569701  1.2874  0.0624
5.8927519151  1.2849  0.0598
5.886161634  1.283  0.0585
5.8792404021  1.2838  0.0572
5.8726802913  1.2818  0.0546
5.8661348038  1.2813  0.0533
5.8596038908  1.2793  0.0519
5.8527449374  1.2805  0.0494
5.8462437884  1.2789  0.0481
5.8397570661  1.2776  0.0456
5.8329444704  1.2788  0.0443
5.8264872109  1.2774  0.0418
5.8200442323  1.2777  0.0393
5.8136154875  1.2773  0.0381
5.8068637129  1.2784  0.0369
5.8004640371  1.2775  0.0344
5.7940784518  1.2775  0.032
5.7873719544  1.2793  0.0308
5.7810151463  1.2788  0.0295
5.7746722873  1.2794  0.0272
5.7683433318  1.2797  0.026
5.7616962434  1.2811  0.0248
5.7553956835  1.2814  0.0224
5.7491088881  1.2817  0.0224
5.7425060296  1.2831  0.0201
5.736247347  1.2838  0.019
5.730002292  1.2846  0.0178
5.7234432234  1.2861  0.0178
5.7172260019  1.2862  0.0167
5.711022273  1.287  0.0155
5.7048319927  1.2877  0.0144
5.6983303892  1.2891  0.0144
5.6921675774  1.2893  0.0133
5.6860180815  1.2901  0.0122
5.6795592662  1.2914  0.0122
5.6734369681  1.2919  0.0111
5.6673278549  1.2927  0.0111
5.6612318841  1.2932  0.01
5.6548292242  1.2944  0.01
5.6487600972  1.295  0.0089
5.6427039837  1.2957  0.0089
5.6363431406  1.2966  0.0089999
5.6303136085  1.297  0.0079
5.6242969629  1.2979  0.0079
5.6182931625  1.2982  0.0079
5.6119872047  1.2991  0.0068001
5.6060096423  1.2999  0.0068001
5.6000448004  1.3003  0.0068001
5.593779717  1.3009  0.0069
5.5878408583  1.3013  0.0058
5.5819145967  1.3021  0.0058
5.5760008922  1.3025  0.0058
5.569789462  1.303  0.0058
5.5639014077  1.3035  0.0046999
5.5580257892  1.3042  0.0048
5.5518543193  1.3049  0.0048
5.546004104  1.305  0.0048
5.540166205  1.3056  0.0037
5.5343405833  1.3064  0.0037
5.5282215711  1.3072  0.0038
5.5224210294  1.3076  0.0038
5.5166326474  1.308  0.0038
5.5105527084  1.3085  0.0038
5.5047891666  1.3086  0.0038
5.4990376684  1.309  0.0028
5.4929964296  1.3099  0.0028
5.4872695347  1.3104  0.0028
5.4815545689  1.3109  0.0028
5.4758514949  1.3113  0.0028
5.4698610655  1.3118  0.0028
5.4641822851  1.3122  0.0029
5.4585152838  1.3124  0.0029
5.4525627045  1.3128  0.0029
5.4469197669  1.3128  0.0029
5.4412884971  1.3132  0.0017999
5.4356688591  1.3139  0.0019
5.4297659771  1.3145  0.0019
5.424170102  1.3149  0.0019
5.4185857491  1.3153  0.0019
5.4127198917  1.3158  0.0019
5.4071590786  1.3161  0.0019
5.4016096797  1.3164  0.0019
5.3960716598  1.3167  0.0019
5.39025442  1.3171  0.002
5.3847396478  1.3173  0.002
5.3792361485  1.3175  0.002
5.3734551316  1.3176  0.002
5.3679746632  1.3179  0.00090003
5.3625053625  1.3185  0.001
5.3570471956  1.319  0.001
5.3513137475  1.3195  0.001
5.3458783278  1.3199  0.001
5.3404539386  1.3202  0.001
5.3347559349  1.3206  0.001
5.3293540823  1.321  0.0010999
5.3239631582  1.3213  0.0010999
5.3185831295  1.3216  0.0010999
5.3129316757  1.322  0.0010999
5.307573908  1.3223  0.0010999
5.3022269353  1.3226  0.0010999
5.2966101695  1.3229  0.0010999
5.2912852532  1.3232  0.0010999
5.2859710329  1.3235  0.0010999
5.2803886366  1.3238  0.0012
5.2750962705  1.3241  0.0012
5.2698145025  1.3243  0.0012
5.2645433009  1.3246  0.0012
5.2590060479  1.3249  0.0012
5.2537564359  1.3252  0.0012
5.2485172939  1.3254  0.0012
5.2430136843  1.3257  0.0012
5.2377959355  1.326  0.0012
5.2325885616  1.3262  0.0012
5.2273915316  1.3265  0.0012
5.2219321149  1.3268  0.0012
5.216756221  1.327  0.0013
5.2115905774  1.3272  0.0013
5.2061640983  1.3275  0.0013
5.2010193998  1.3278  0.0013
5.1958848592  1.328  0.0013
5.1907604464  1.3282  0.0013
5.1853772362  1.3285  0.0013
5.1802735184  1.3287  0.0013
5.1751798375  1.329  0.0013
5.1698288787  1.3293  0.0013
5.1647557071  1.3295  0.0013
5.1596924823  1.3297  0.0013
5.1546391753  1.3299  0.0013
5.149330587  1.3302  0.0014
5.1442975462  1.3304  0.0014
5.1392743345  1.3306  0.0014
5.1339973303  1.3309  0.0014
5.1289942042  1.3311  0.0014
5.1240008198  1.3314  0.0014
5.1190171487  1.3316  0.0014
5.1137816415  1.3319  0.0014
5.1088178196  1.3321  0.0014
5.1038636248  1.3323  0.0014
5.0986590527  1.3326  0.0014
5.0937245314  1.3328  0.0014
5.0887995522  1.333  0.0014
5.0836256418  1.3333  0.0014
5.0787201625  1.3335  0.0015
5.0738241413  1.3337  0.0015
5.0689375507  1.334  0.0015
5.0638039295  1.3343  0.0015
5.0589366115  1.3345  0.0015
5.0540786415  1.3347  0.0015
5.0489750581  1.335  0.0015
5.0441361917  1.3352  0.0015
5.0393065914  1.3355  0.0015
5.0344862307  1.3357  0.0015
5.0294221194  1.3361  0.0015
5.0246206411  1.3363  0.0015
5.0198283219  1.3366  0.0015
5.0147936412  1.337  0.0016
5.0100200401  1.3375  0.0016
5.0052555183  1.3375  0.0025001
5.00050005  1.3377  0.0016
4.9955040464  1.3382  0.0025001
4.9907670809  1.3382  0.0025001
4.9860390905  1.3382  0.0025001
4.9810719267  1.3385  0.0025001
4.9763622792  1.3386  0.0025001
4.9716615293  1.3389  0.0025001
4.9669696518  1.339  0.0025001
4.962040391  1.3394  0.0026
4.9573666468  1.3396  0.0026
4.9527016988  1.3399  0.0026
4.9478007026  1.3406  0.0026
4.9431537321  1.3407  0.0035
4.9385154822  1.3406  0.0035
4.9338859286  1.3407  0.0035
4.929022082  1.3409  0.0035
4.9244103019  1.3411  0.0035
4.9198071436  1.3412  0.0035
4.9149710017  1.3416  0.0035
4.9103854653  1.3419  0.0035
4.9058084772  1.3423  0.0035
4.900999804  1.3426  0.0045
4.8964402879  1.3424  0.0045
4.8918892476  1.3425  0.0045
4.8873466595  1.3426  0.0045
4.8825740931  1.343  0.0045
4.8780487805  1.3432  0.0045
4.8735318485  1.3435  0.0045
4.8687862116  1.3439  0.0053999
4.8642864092  1.3437  0.0053999
4.8597949167  1.3437  0.0053999
4.855311711  1.3438  0.0053999
4.8506014746  1.3442  0.0053999
4.8461352072  1.3443  0.0053999
4.841677157  1.3446  0.0053999
4.8369933249  1.345  0.0063
4.8325520707  1.3448  0.0063
4.8281189649  1.3448  0.0063
4.8236939849  1.3448  0.0063
4.8190448653  1.3452  0.0063
4.8146364949  1.3454  0.0063
4.8102361826  1.3457  0.0063
4.8056129559  1.3461  0.0072
4.8012291147  1.3458  0.0072
4.7968532643  1.3459  0.0072
4.7924853829  1.3459  0.0072
4.7878961984  1.3465  0.0072
4.7835446066  1.3463  0.0081
4.7792009176  1.3463  0.0072
4.7746371276  1.3469  0.0081
4.7703095931  1.3467  0.0081
4.7659898961  1.3469  0.0081
4.7616780153  1.3471  0.0081
4.7571476143  1.3475  0.0089999
4.752851711  1.3471  0.0089999
4.7485635595  1.347  0.0089999
4.7440580673  1.3474  0.0089999
4.7397857617  1.3474  0.0089999
4.7355211441  1.3476  0.0089999
4.7310403558  1.3481  0.0099
4.726791454  1.3478  0.0099
4.7225501771  1.3479  0.0099
4.7183165047  1.3479  0.0098
4.7138682002  1.3484  0.0107
4.709650073  1.3479  0.0107
4.705439488  1.3477  0.0107
4.7010154193  1.3482  0.0107
4.6968202527  1.3481  0.0107
4.6926325669  1.3485  0.0107
4.6884523419  1.3483  0.0116
4.6840601433  1.3486  0.0116
4.6798951703  1.3484  0.0116
4.6757375976  1.3484  0.0116
4.6713691783  1.3489  0.0124
4.6672267339  1.3484  0.0124
4.6630916298  1.3484  0.0124
4.6589638464  1.3484  0.0124
4.6546266989  1.3488  0.0133
4.6505138818  1.3483  0.0133
4.6464083264  1.3479  0.0132
4.642094513  1.3484  0.0132
4.6380038032  1.3481  0.0132
4.6339202966  1.3484  0.0132
4.6298439743  1.3481  0.0141
4.6255608493  1.3483  0.0141
4.6214992143  1.3479  0.0141
4.6174447061  1.3475  0.014
4.6131844812  1.3481  0.014
4.6091445428  1.3478  0.014
4.605111674  1.3478  0.014
4.6008741661  1.3483  0.0149
4.5968557507  1.3477  0.0149
4.5928443485  1.3475  0.0149
4.5888399413  1.3472  0.0148
4.5846323125  1.3477  0.0148
4.580642206  1.3474  0.0148
4.5766590389  1.3473  0.0148
4.5724737083  1.3478  0.0157
4.5685047284  1.3471  0.0156
4.5645426328  1.3469  0.0156
4.5605874037  1.3464  0.0156
4.5564314029  1.3469  0.0156
4.5524902121  1.3464  0.0156
4.5485558335  1.346  0.0156
4.5444217223  1.3465  0.0155
4.5405012713  1.3461  0.0155
4.5365875788  1.346  0.0155
4.5326806273  1.3456  0.0155
4.5285753102  1.3461  0.0155
4.5246821411  1.3457  0.0155
4.52079566  1.3454  0.0154
4.5167118338  1.3458  0.0154
4.512839027  1.3454  0.0154
4.508972856  1.3453  0.0154
4.5051133036  1.3449  0.0154
4.5010577486  1.3453  0.0154
4.4972117287  1.3447  0.0154
4.4933722759  1.3445  0.0145
4.4893378227  1.345  0.0153
4.4855117969  1.3445  0.0144
4.481692287  1.3447  0.0144
4.4778792764  1.3445  0.0144
4.4738725841  1.345  0.0144
4.4700728622  1.3447  0.0144
4.4662795891  1.3443  0.0144
4.4622936189  1.3447  0.0144
4.4585135316  1.3442  0.0144
4.4547398432  1.3442  0.0135
4.4509725375  1.3442  0.0135
4.4470138302  1.3448  0.0135
4.4432595752  1.3445  0.0135
4.4395116537  1.3442  0.0134
4.4355732978  1.3447  0.0134
4.4318383265  1.3442  0.0134
4.42810964  1.344  0.0126
4.424191479  1.3447  0.0126
4.4204756432  1.3446  0.0125
4.4167660439  1.3447  0.0125
4.4130626655  1.3445  0.0125
4.4091710758  1.3449  0.0125
4.4054804176  1.3444  0.0125
4.4017959327  1.3443  0.0116
4.3979241798  1.3451  0.0117
4.394252318  1.345  0.0116
4.3905865824  1.3451  0.0116
4.3869269577  1.345  0.0116
4.3830813062  1.3455  0.0116
4.3794341771  1.3453  0.0116
4.3757931125  1.345  0.0116
4.3719669479  1.3452  0.0116
4.3683382841  1.3451  0.0107
4.3647156388  1.3454  0.0107
4.3610989969  1.3454  0.0107
4.3572984749  1.3459  0.0107
4.3536941095  1.3458  0.0107
4.3500957021  1.3457  0.0107
4.3463143255  1.3461  0.0107
4.3427281018  1.3459  0.0107
4.3391477914  1.3457  0.0107
4.3355733796  1.3456  0.0099
4.3318171973  1.3464  0.0099
4.3282548476  1.3464  0.0099
4.3246983523  1.3463  0.0098
4.3209609817  1.3468  0.0098
4.317416458  1.3467  0.0098
4.3138777447  1.3466  0.0098
4.3101590449  1.347  0.0098
4.3066322136  1.3468  0.0098
4.3031111494  1.3467  0.0098
4.299595838  1.3466  0.0089999
4.2959017098  1.3473  0.0089999
4.2923981629  1.3473  0.0089999
4.288900326  1.3473  0.0089999
4.2852245458  1.3478  0.0089999
4.2817383858  1.3477  0.0089999
4.2782578934  1.3478  0.0089999
4.2747830548  1.3477  0.0089999
4.2711314227  1.3481  0.0089999
4.2676681461  1.3479  0.0089
4.2642104814  1.3476  0.0089
4.2605768821  1.348  0.0081
4.2571306939  1.3482  0.0081
4.2536900761  1.3485  0.0081
4.2502550153  1.3485  0.0081
4.2466451503  1.3489  0.0081
4.2432214537  1.3489  0.0081
4.2398032731  1.3488  0.0081
4.2362111328  1.3492  0.0081
4.2328042328  1.349  0.0081
4.2294028083  1.3489  0.0081
4.2260068461  1.3489  0.0073
4.2224380357  1.3495  0.0073
4.2190532445  1.3496  0.0073
4.2156738755  1.3497  0.0073
4.2121224885  1.3501  0.0073
4.2087542088  1.3501  0.0073
4.2053913117  1.3502  0.0073
4.2020337844  1.3501  0.0073
4.1985053321  1.3504  0.0073
4.1951587868  1.3502  0.0073
4.1918175721  1.3502  0.0065
4.188306249  1.3508  0.0065
4.1849759364  1.351  0.0065
4.1816509158  1.3511  0.0065
4.1781565973  1.3515  0.0065
4.1748423997  1.3515  0.0065
4.1715334557  1.3516  0.0065
4.1682297528  1.3516  0.0065
4.1647578193  1.352  0.0065
4.1614648356  1.3519  0.0065
4.1581770552  1.3517  0.0064
4.1547218414  1.3521  0.0057
4.1514447028  1.3523  0.0057
4.1481727299  1.3526  0.0057
4.1449059106  1.3527  0.0057
4.1414727077  1.3532  0.0057
4.1382164287  1.3532  0.0057
4.1349652663  1.3533  0.0057
4.1315485044  1.3537  0.0057
4.1283078066  1.3537  0.0057
4.1250721888  1.3539  0.0057
4.1218416388  1.3539  0.0057
4.118446522  1.3542  0.0057
4.1152263374  1.3542  0.0057
4.1120111847  1.3542  0.0057
4.1086322363  1.3545  0.0057
4.105427375  1.3544  0.0057
4.1022275095  1.3546  0.0049
4.0990326283  1.3547  0.0057
4.0956749672  1.3549  0.0049
4.0924902803  1.3552  0.0049
4.0893105422  1.3553  0.0049
4.0859687832  1.3557  0.0049
4.0827991671  1.3558  0.0049
4.0796344648  1.356  0.0049
4.0764746647  1.3561  0.0049
4.073153843  1.3564  0.0049
4.07000407  1.3565  0.0049
4.0668591647  1.3565  0.0049
4.0635539843  1.3568  0.0049
4.0604190352  1.3567  0.0049
4.0572889195  1.3569  0.0041
4.0539992703  1.3574  0.0049
4.0508790408  1.3572  0.0049
4.0477636106  1.3575  0.0041
4.0446529688  1.3575  0.0049
4.0413837698  1.3577  0.0041
4.0382829221  1.358  0.0041
4.0351868292  1.3582  0.0041
4.0319329086  1.3585  0.0041
4.0288465412  1.3587  0.0041
4.0257648953  1.3589  0.0041
4.0226879601  1.359  0.0041
4.0194541581  1.3593  0.0041
4.0163868584  1.3594  0.0041
4.0133242365  1.3595  0.0041
4.0101054658  1.3598  0.0041
4.0070524122  1.3598  0.0041
4.004004004  1.36  0.0041
4.0009602305  1.36  0.0041
3.9977612537  1.3602  0.0041
3.9947269604  1.3601  0.0041
3.9916972697  1.3603  0.0034
3.9885130823  1.361  0.0034
3.9854928062  1.3609  0.0041
3.9824771008  1.361  0.0034
3.9794659557  1.3613  0.0034
3.9763012446  1.3616  0.0034
3.9732994278  1.3618  0.0034
3.97030214  1.362  0.0034
3.9671519816  1.3623  0.0034
3.9641639578  1.3624  0.0034
3.9611804318  1.3626  0.0034
3.9582013933  1.3627  0.0034
3.9550704003  1.3631  0.0034
3.9521005414  1.3632  0.0034
3.9491351394  1.3633  0.0034
3.9460184674  1.3635  0.0034
3.9430621821  1.3636  0.0034
3.9401103231  1.3636  0.0034
3.937007874  1.3641  0.0027
3.9340650694  1.3644  0.0034
3.9311266609  1.3643  0.0034
3.9281926386  1.3642  0.0034
3.9251089218  1.3645  0.0027
3.922183872  1.3649  0.0027
3.9192631785  1.3651  0.0027
3.91619346  1.3655  0.0027
3.913281678  1.3657  0.0027
3.9103742228  1.3659  0.0027
3.9074710847  1.3661  0.0027
3.9044198032  1.3664  0.0027
3.9015254965  1.3666  0.0027
3.8986354776  1.3668  0.0027
3.8955979743  1.3671  0.0027
3.892716727  1.3672  0.0027
3.8898397386  1.3675  0.0027
3.8869669997  1.3676  0.0027
3.8839476444  1.3679  0.0027
3.8810835985  1.3681  0.0027
3.8782237735  1.3682  0.0027
3.875217981  1.3685  0.0027
3.8723667906  1.3686  0.0027
3.8695197926  1.3688  0.0027
3.8666769778  1.3689  0.0027
3.8636890503  1.369  0.0027
3.8608547933  1.3693  0.002
3.8580246914  1.3696  0.0027
3.8550501157  1.3699  0.002
3.8522285142  1.3702  0.0027
3.8494110401  1.37  0.0027
3.8464497269  1.3703  0.002
3.8436406965  1.3707  0.002
3.8408357659  1.371  0.002
3.8380349261  1.3712  0.002
3.8350910834  1.3716  0.002
3.8322986127  1.3718  0.002
3.8295102056  1.372  0.002
3.8265794207  1.3724  0.002
3.823799327  1.3726  0.002
3.82102327  1.3728  0.002
3.8182512409  1.373  0.002
3.8153376574  1.3733  0.002
3.8125738686  1.3736  0.002
3.8098140811  1.3738  0.002
3.8069133547  1.3741  0.002
3.804161753  1.3743  0.002
3.8014141261  1.3745  0.002
3.7986704653  1.3747  0.002
3.7957866768  1.3751  0.002
3.7930511303  1.3753  0.002
3.7903195239  1.3755  0.002
3.787448396  1.3758  0.002
3.7847248505  1.376  0.002
3.7820052192  1.3763  0.002
3.7792894936  1.3765  0.002
3.7764350453  1.3768  0.002
3.7737273105  1.377  0.002
3.7710234558  1.3772  0.002
3.7681814756  1.3775  0.002
3.7654855594  1.3777  0.002
3.7627934979  1.378  0.002
3.7601052829  1.3782  0.002
3.7572797295  1.3785  0.002
3.7545993842  1.3787  0.002
3.7519228605  1.3789  0.002
3.7491095865  1.3792  0.002
3.7464408812  1.3794  0.002
3.7437759724  1.3797  0.002
3.7411148522  1.3798  0.002
3.738317757  1.38  0.002
3.7356643879  1.3803  0.0013
3.7330147827  1.3809  0.0013
3.7302297822  1.3812  0.002
3.7275878779  1.3815  0.0013
3.7249497132  1.3819  0.002
3.722176729  1.3821  0.002
3.7195462154  1.3822  0.002
3.7169194172  1.3823  0.002
3.7142963266  1.3826  0.0013
3.7115391753  1.3833  0.0013
3.7089236704  1.3836  0.002
3.7063118491  1.3836  0.002
3.7035665346  1.3837  0.002
3.7009622502  1.3839  0.0013
3.6983616258  1.3844  0.0013
3.6957646537  1.3848  0.0013
3.6930349361  1.3853  0.0013
3.6904454368  1.3856  0.0013
3.6878595663  1.386  0.0013
3.6851415094  1.3866  0.0013
3.6825630639  1.3867  0.002
3.679988224  1.3869  0.0013
3.6774169823  1.3875  0.0013
3.674714291  1.388  0.002
3.6721504113  1.3881  0.002
3.6695901068  1.3882  0.002
3.6668989036  1.3886  0.002
3.6643459143  1.3888  0.002
3.6617964774  1.3891  0.002
3.6592505855  1.3894  0.002
3.656574521  1.3898  0.002
3.6540358826  1.39  0.002
3.6515007668  1.3903  0.002
3.6488360213  1.3907  0.002
3.646308113  1.391  0.002
3.643783705  1.3913  0.002
3.6411302068  1.3917  0.002
3.6386129607  1.3919  0.002
3.6360991928  1.3923  0.002
3.6335888958  1.3926  0.002
3.6309502197  1.393  0.002
3.6284470247  1.3933  0.002
3.6259472787  1.3936  0.002
3.6233196855  1.3941  0.0019
3.6208269969  1.3944  0.0019
3.6183377356  1.3947  0.0019
3.6158518947  1.395  0.0019
3.6132389074  1.3955  0.0019
3.610760065  1.3958  0.0019
3.6082846215  1.3962  0.0019
3.6056825557  1.3966  0.0019
3.6032140669  1.397  0.0019
3.6007489558  1.3974  0.0019
3.5982872153  1.3977  0.0019
3.5956995433  1.3982  0.0019
3.5932447  1.3986  0.0019
3.5907932062  1.399  0.0019
3.5882162977  1.3996  0.0019
3.5857716581  1.4001  0.0019
3.5833303472  1.4005  0.0025001
3.5808923584  1.4006  0.0025001
3.5783296357  1.401  0.0025001
3.5758984445  1.4012  0.0025001
3.5734705546  1.4017  0.0019
3.5709184402  1.4024  0.0025001
3.5684973058  1.4026  0.0025001
3.5660794523  1.4029  0.0025001
3.563664873  1.4033  0.0025001
3.5611267405  1.4038  0.0025001
3.5587188612  1.4041  0.0025001
3.5563142359  1.4045  0.0025001
3.5537865596  1.405  0.0025001
3.5513885929  1.4054  0.0025001
3.5489938602  1.4059  0.0024
3.5466023549  1.4063  0.0024
3.5440884604  1.4068  0.0024
3.5417035594  1.4073  0.0024
3.5393218659  1.4078  0.0024
3.5368182783  1.4085  0.0024
3.5344431485  1.4089  0.003
3.5320712066  1.4091  0.003
3.5295778625  1.4095  0.003
3.527212444  1.4098  0.003
3.5248501939  1.4104  0.0024
3.5224911057  1.4109  0.003
3.520011264  1.4114  0.003
3.5176586464  1.4118  0.003
3.5153091714  1.4122  0.003
3.5128394281  1.4128  0.0029
3.5104963842  1.4132  0.0029
3.5081564638  1.4137  0.0029
3.5058196606  1.4141  0.0029
3.5033632287  1.4147  0.0029
3.5010328047  1.4152  0.0029
3.498705479  1.4156  0.0029
3.4962590029  1.4163  0.0029
3.4939380175  1.4168  0.0029
3.4916201117  1.4173  0.0028
3.4893052793  1.4178  0.0028
3.4868719272  1.4185  0.0028
3.4845633842  1.419  0.0028
3.482257896  1.4195  0.0028
3.4798343599  1.4203  0.0028
3.4775351231  1.4208  0.0028
3.4752389227  1.4214  0.0027
3.4729457526  1.422  0.0027
3.4705351565  1.4227  0.0027
3.4682481878  1.4233  0.0027
3.4659642312  1.4239  0.0027
3.4635633139  1.4248  0.0026
3.4612855214  1.4254  0.0026
3.4590107229  1.4262  0.0026
3.4567389125  1.427  0.0026
3.4543507548  1.4278  0.0032001
3.4520850594  1.4282  0.0032001
3.4498223341  1.4288  0.0032001
3.4474437205  1.4296  0.0031
3.4451870737  1.4302  0.0031
3.4429333792  1.4309  0.0031
3.4405642525  1.4318  0.0031
3.4383166002  1.4326  0.003
3.4360718826  1.4335  0.003
3.4338300941  1.4342  0.0036
3.4314734747  1.4349  0.0036
3.4292376805  1.4356  0.0036
3.4270047978  1.4362  0.0035
3.4246575342  1.4372  0.0035
3.4224306102  1.438  0.0035
3.4202065805  1.4389  0.0034
3.4179854394  1.4398  0.0034
3.4156505106  1.4409  0.0039999
3.4134352813  1.4415  0.0039999
3.4112229234  1.4423  0.0039001
3.4088972217  1.4434  0.0039001
3.4066907406  1.4444  0.0038
3.404487114  1.4454  0.0044
3.4022863364  1.4461  0.0044
3.3999728002  1.4474  0.0043
3.3977778533  1.4483  0.0049
3.3955857385  1.449  0.0049
3.393281303  1.4503  0.0048
3.3910949846  1.4512  0.0053999
3.3889114816  1.452  0.0053999
3.3867307888  1.4529  0.0053
3.3844383525  1.4544  0.0053
3.3822634107  1.4555  0.0058
3.3800912625  1.4564  0.0058
3.3778078027  1.4578  0.0063
3.3756413719  1.4588  0.0063
3.3734777182  1.4598  0.0068001
3.3712031824  1.4612  0.0068001
3.3690452126  1.4623  0.0073
3.3668900037  1.4635  0.0073
3.3647375505  1.4646  0.0078
3.3624747814  1.466  0.0084
3.360327968  1.467  0.0082999
3.3581838942  1.4682  0.0089
3.3559299282  1.4696  0.0094
3.3537914612  1.4707  0.0093
3.3516557179  1.472  0.0099
3.349522693  1.473  0.0104
3.3472803347  1.4747  0.0103
3.3451528735  1.476  0.0109
3.3430281149  1.4771  0.0114
3.3407944409  1.4789  0.0119
3.3386752137  1.4798  0.0125
3.3365586734  1.4812  0.0124
3.3344448149  1.4825  0.0129
3.3322225925  1.4846  0.0134
3.3301142229  1.4858  0.0139
3.3280085197  1.4871  0.0144
3.325794865  1.4893  0.0149
3.3236946189  1.4907  0.0154
3.3215970238  1.4923  0.0165
3.3195020747  1.4933  0.0171
3.317299718  1.4956  0.0175
3.3152101843  1.497  0.018
3.3131232813  1.4983  0.0192
3.3109293779  1.5008  0.0196
3.3088478592  1.5021  0.0208
3.3067689561  1.5038  0.0213
3.3046926636  1.505  0.0224
3.3025099075  1.5078  0.0228
3.3004389584  1.5093  0.0239
3.2983706049  1.5106  0.0251
3.2961961896  1.5135  0.0261
3.2941331489  1.5148  0.0272
3.292072689  1.516  0.0284
3.2899065667  1.519  0.0294
3.2878513891  1.5204  0.0305
3.2857987777  1.5225  0.0316
3.2837487275  1.5238  0.0334
3.2815935418  1.527  0.0343
3.2795487341  1.5284  0.0361
3.2775064731  1.5296  0.0373
3.2753594707  1.5332  0.0388
3.2733224223  1.5345  0.0406
3.271287906  1.5365  0.0424
3.2692559174  1.5375  0.0442
3.2671197073  1.5412  0.0458
3.2650928919  1.5423  0.0476
3.2630685897  1.5434  0.0494
3.2609404552  1.5474  0.0517
3.2589212971  1.5482  0.0535
3.2569046378  1.5505  0.0553
3.2548904729  1.5514  0.0578
3.252772989  1.5557  0.06
3.2507639295  1.5566  0.0626
3.2487573503  1.5571  0.0652
3.2466478361  1.5615  0.0674
3.2446463335  1.5621  0.0701
3.2426472973  1.5643  0.0725
3.2406507227  1.5644  0.0759
3.2385517197  1.5691  0.0782
3.2365601838  1.5693  0.0816
3.2345710959  1.569  0.0844
3.2324799586  1.5741  0.0866
3.2304958811  1.5742  0.0901
3.2285142377  1.5759  0.0934
3.226535024  1.5753  0.0963
3.2244542611  1.5806  0.0993
3.2224800206  1.5804  0.1029
3.2205081962  1.5795  0.1066
3.2184351968  1.5849  0.1096
3.2164683178  1.5842  0.1133
3.2145038413  1.5829  0.1172
3.2124385621  1.5884  0.1202
3.2104790035  1.5872  0.1241
3.208521834  1.5885  0.1277
3.2065670493  1.5865  0.1317
3.2045119528  1.5924  0.1348
3.2025620496  1.5908  0.1388
3.200614518  1.5886  0.1429
3.198567042  1.5948  0.1461
3.1966243647  1.5929  0.1502
3.1946840457  1.5939  0.1548
3.1927460809  1.5906  0.1591
3.1907086564  1.5969  0.1624
3.1887755102  1.5943  0.1667
3.1868447051  1.591  0.1711
3.184814803  1.5975  0.1744
3.1828887899  1.5944  0.1789
3.1809651048  1.5949  0.183
3.1790437436  1.5908  0.1876
3.1770237641  1.5977  0.191
3.1751071599  1.5942  0.1956
3.1731928667  1.5897  0.2004
3.1711803133  1.5968  0.2038
3.1692707508  1.5922  0.2087
3.1673634866  1.5923  0.2121
3.1654585167  1.5873  0.2171
3.1634557591  1.5949  0.2206
3.1615554853  1.5903  0.2256
3.1596574931  1.5844  0.2307
3.157662067  1.5921  0.2334
3.1557687453  1.5869  0.2386
3.1538776926  1.5862  0.2432
3.151988905  1.5796  0.2476
3.15000315  1.5876  0.2514
3.1481189989  1.5816  0.2557
3.1462371004  1.5751  0.2602
3.1442585838  1.5834  0.264
3.1423812965  1.5773  0.2685
3.1405062496  1.5699  0.2742
3.1385349319  1.578  0.2771
3.136664471  1.5709  0.2818
3.1347962382  1.5697  0.2858
3.1329302296  1.5615  0.2906
3.1309684085  1.5702  0.2936
3.1291069529  1.5629  0.2984
3.1272477093  1.5543  0.3034
3.1252929962  1.563  0.3064
3.1234382809  1.5547  0.3103
3.1215857656  1.5533  0.3146
3.1197354464  1.5437  0.3198
3.1177901104  1.5529  0.3218
3.1159442869  1.5447  0.3269
3.1141006477  1.5348  0.3322
3.1121623304  1.5437  0.3343
3.1103231626  1.5342  0.3385
3.1084861672  1.5323  0.3418
3.1066513405  1.5214  0.3473
3.1047222826  1.5309  0.3483
3.1028918952  1.5213  0.3537
3.1010636648  1.5104  0.357
3.0991415378  1.5202  0.3591
3.0973177229  1.5096  0.3636
3.0954960532  1.5071  0.366
3.0936765252  1.4958  0.3705
3.0917635419  1.5054  0.3727
3.0899483979  1.4948  0.376
3.0881353839  1.4834  0.3794
3.0862292451  1.4935  0.3817
3.0844205916  1.4819  0.3851
3.0826140567  1.4789  0.3876
3.0808096368  1.4665  0.3911
3.0789125281  1.4769  0.3922
3.0771124377  1.4657  0.3956
3.0753144509  1.4533  0.3991
3.0734241018  1.4635  0.4002
3.0716304214  1.452  0.4025
3.0698388335  1.4394  0.406
3.0679552079  1.45  0.4059
3.0661679034  1.4379  0.4094
3.0643826801  1.4347  0.4108
3.0625995345  1.4214  0.4144
3.0607247796  1.4319  0.4143
3.0589458872  1.4202  0.4165
3.0571690614  1.4071  0.4202
3.0553009471  1.4176  0.4201
3.053528352  1.4046  0.4225
3.0517578125  1.401  0.4239
3.049989325  1.387  0.4263
3.0481299723  1.3975  0.4262
3.0463656857  1.3849  0.4273
3.0446034404  1.3713  0.4297
3.0427506466  1.3822  0.4283
3.04099258  1.3691  0.4306
3.0392365438  1.3654  0.4307
3.0374825345  1.3512  0.4332
3.0356383948  1.3618  0.4318
3.0338885349  1.349  0.4328
3.0321406913  1.3353  0.4339
3.0303030303  1.3462  0.4325
3.0285593143  1.3328  0.4336
3.026817604  1.3288  0.4337
3.0250778958  1.3148  0.4334
3.0232487831  1.3261  0.432
3.0215131738  1.3133  0.433
3.0197795561  1.2997  0.4327
3.0179568432  1.3109  0.4313
3.0162273029  1.2983  0.4309
3.0144997438  1.2849  0.4318
3.0126833971  1.2955  0.4293
3.010959894  1.2823  0.4289
3.0092383618  1.2789  0.4276
3.007518797  1.2655  0.4272
3.0057108506  1.2767  0.4246
3.0039953138  1.2646  0.4241
3.0022817341  1.2519  0.4236
3.0004800768  1.2631  0.4211
2.9987705041  1.2505  0.4205
2.9970628784  1.2472  0.4192
2.9953571963  1.2345  0.4174
2.9935638377  1.2457  0.4162
2.991862135  1.2338  0.4143
2.9901623658  1.2218  0.4137
2.9883752204  1.2329  0.4113
2.9866794098  1.2204  0.4107
2.9849855228  1.2174  0.4081
2.9832935561  1.205  0.4074
2.9815146094  1.2162  0.4038
2.9798265741  1.2051  0.403
2.9781404491  1.1931  0.4023
2.9763676409  1.204  0.3988
2.974685427  1.1922  0.3981
2.9730051136  1.1896  0.3955
2.9713266974  1.1777  0.3947
2.9695619896  1.1884  0.3912
2.9678874577  1.1774  0.3904
2.9662148133  1.1658  0.3884
2.9644561705  1.1767  0.385
2.9627873904  1.1654  0.3841
2.961120488  1.1629  0.3816
2.9594554602  1.1512  0.3807
2.9577048211  1.1611  0.3774
2.9560436312  1.1503  0.3753
2.9543843063  1.1393  0.3732
2.9526396599  1.1494  0.37
2.9509841532  1.1384  0.3678
2.949330502  1.1359  0.3653
2.947678703  1.1249  0.3631
2.9459419649  1.1347  0.36
2.9442939583  1.1243  0.3578
2.9426477945  1.1135  0.3556
2.9409169779  1.1227  0.3514
2.939274587  1.113  0.3479
2.9376340296  1.1033  0.3457
2.9359091043  1.1124  0.3428
2.9342723005  1.1019  0.3393
2.9326373207  1.0997  0.3356
2.931004162  1.0898  0.3333
2.9292870115  1.0985  0.3294
2.9276575812  1.089  0.3259
2.9260299625  1.0797  0.3224
2.9243186338  1.0885  0.3186
2.9226947245  1.079  0.3151
2.9210726179  1.0767  0.3115
2.9194523107  1.0677  0.3069
2.9177486651  1.0765  0.3032
2.9161320425  1.0677  0.2997
2.9145172102  1.0595  0.2951
2.9128193178  1.0677  0.2916
2.9112081514  1.0591  0.287
2.9095987663  1.0577  0.2824
2.9079911597  1.05  0.2789
2.9063008603  1.0577  0.2745
2.9046968949  1.0501  0.2699
2.9030946989  1.0431  0.2653
2.9014100853  1.0508  0.261
2.8998115123  1.0433  0.2565
2.8982146997  1.0423  0.2511
2.8966196449  1.0362  0.2466
2.8949425354  1.0436  0.2425
2.8933510792  1.0374  0.2371
2.8917613719  1.032  0.2326
2.8900898818  1.0395  0.2277
2.8885037551  1.0339  0.2233
2.8869193683  1.029  0.218
2.8852534695  1.0362  0.2143
2.8836726455  1.0307  0.209
2.8820935528  1.0306  0.204
2.8805161885  1.0264  0.1988
2.8788576693  1.0335  0.1943
2.8772838441  1.0295  0.1892
2.8757117387  1.0264  0.1842
2.8740587458  1.0333  0.1809
2.8724901617  1.0293  0.1759
2.8709232889  1.0298  0.1712
2.8693581246  1.0272  0.1655
2.8677124258  1.0341  0.1624
2.8661507595  1.0312  0.1576
2.8645907932  1.0291  0.1529
2.8629505568  1.0356  0.149
2.8613940712  1.0334  0.1444
2.859839277  1.035  0.1401
2.8582861716  1.0334  0.1365
2.8566531452  1.0395  0.1328
2.8551034975  1.038  0.1284
2.8535555302  1.0371  0.1249
2.8519279033  1.0429  0.1213
2.8503833766  1.0418  0.1171
2.8488405219  1.0437  0.114
2.8472993366  1.043  0.1106
2.8456788367  1.0486  0.1072
2.8441410694  1.048  0.1039
2.8426049632  1.0479  0.1007
2.8409898008  1.0531  0.0982
2.8394570958  1.0525  0.0949
2.8379260436  1.0542  0.092
2.8363966417  1.0541  0.0889
2.8347885248  1.059  0.0865
2.8332625018  1.0587  0.0834
2.8317381209  1.0589  0.0804
2.8301352805  1.0636  0.078
2.8286142619  1.0636  0.075
2.8270948773  1.0655  0.0723
2.8255771241  1.0661  0.0695
2.8239812488  1.0705  0.0679
2.822466836  1.0706  0.065
2.8209540467  1.0714  0.0623
2.8193633877  1.0755  0.0607
2.8178539225  1.0758  0.0579
2.8163460726  1.0767  0.0552
2.8147606046  1.0808  0.053
2.8132560626  1.0816  0.051
2.8117531281  1.0837  0.0486
2.8102517986  1.0849  0.0467
2.8086731828  1.0884  0.0452
2.8071751397  1.0894  0.0426
2.8056786937  1.0908  0.0408
2.80410521  1.0944  0.0393
2.8026120344  1.0955  0.0375
2.8011204482  1.0975  0.0358
2.7996304488  1.0989  0.0341
2.7980637399  1.1023  0.0326
2.7965769898  1.1035  0.0315
2.7950918188  1.1048  0.0297
2.7935301841  1.1079  0.0283
2.7920482466  1.1094  0.0266
2.7905678806  1.1115  0.0256
2.7890890835  1.1129  0.0246
2.7875341473  1.1158  0.0231
2.786058563  1.1173  0.0221
2.78458454  1.1188  0.021
2.783034621  1.1215  0.0202
2.7815637952  1.1228  0.0191
2.7800945232  1.1247  0.0182
2.7786268026  1.1261  0.0172
2.7770835069  1.1286  0.0163
2.775618963  1.1301  0.0153
2.774155963  1.1317  0.0143
2.7726176283  1.1341  0.014
2.7711577897  1.1354  0.013
2.7696994876  1.137  0.012
2.76816609  1.1393  0.0117
2.766710934  1.1407  0.0108
2.7652573072  1.1424  0.0104
2.763805207  1.1439  0.0094
2.7622783272  1.146  0.0091
2.7608293531  1.1475  0.0082
2.7593818985  1.1492  0.0078
2.7578599007  1.1513  0.0075001
2.7564155572  1.1528  0.0071
2.7549727258  1.1544  0.0067
2.753531404  1.1559  0.0063
2.7520158516  1.1579  0.006
2.7505776213  1.1594  0.0056
2.7491408935  1.1611  0.0053
2.747630169  1.1633  0.005
2.7461965178  1.1651  0.0052
2.744764362  1.1668  0.0053
2.7433336991  1.1685  0.0055
2.7418293485  1.1705  0.0063
2.7404017429  1.1719  0.007
2.7389756231  1.1731  0.0077
2.7374760471  1.1747  0.0089999
2.73605297  1.1753  0.0101
2.7346313717  1.1759  0.0113
2.7332112499  1.1759  0.0124
2.7317179774  1.1762  0.0135
2.7303008792  1.1755  0.014
2.7288852504  1.1748  0.0139
2.7273966998  1.1746  0.0144
2.7259840803  1.1736  0.0132
2.7245729232  1.1735  0.0121
2.7231632264  1.1733  0.0109
2.7216809101  1.1738  0.0099
2.7202742036  1.174  0.0082999
2.7188689505  1.1748  0.0067
2.7173913043  1.1762  0.0058
2.7159890274  1.1772  0.0048
2.714588197  1.1784  0.0044
2.7131888108  1.1794  0.0039001
2.7117173306  1.1806  0.0035
2.710320902  1.1813  0.0036
2.7089259109  1.1819  0.0031
2.7074590497  1.1827  0.0027
2.7060670022  1.1832  0.0022
2.7046763855  1.184  0.0012
2.7032141216  1.1849  0.00080001
2.7018264347  1.1857  0.0
2.7004401717  1.1869  0.0
2.6990553306  1.1882  0.0
2.6975991368  1.1894  0.0
2.6962172073  1.1906  0.0
2.6948366929  1.1917  0.0
2.6933850463  1.1927  0.0
2.6920074299  1.1939  0.0
2.6906312221  1.1951  0.0
2.6892564206  1.1961  0.0
2.6878107781  1.1968  0.0
2.6864388567  1.1978  0.0
2.685068335  1.1988  0.0
2.6836271905  1.1996  0.0
2.6822595354  1.2003  0.0
2.6808932736  1.2012  0.0
2.679528403  1.2022  0.0
2.6780931976  1.2029  0.0
2.6767311759  1.2037  0.0
2.6753705388  1.2043  0.0
2.6739397829  1.205  0.0
2.6725819815  1.2059  0.0
2.6712255583  1.2067  0.0
2.6698705113  1.2075  0.0
2.6684456304  1.208  0.0
2.6670934016  1.2087  0.0
2.6657425426  1.2093  0.0
2.6643220633  1.21  0.0
2.6629740094  1.2107  0.0
2.6616273189  1.2113  0.0
2.6602112208  1.2119  0.0
2.6588673225  1.2126  0.0
2.6575247814  1.2132  0.0
2.6561835954  1.2138  0.0
2.6547732824  1.2142  0.0
2.6534348714  1.215  0.0
2.6520978094  1.2157  0.0
2.6506918306  1.2159  0.0
2.6493575308  1.2165  0.0
2.6480245737  1.2171  0.0
2.6466929572  1.2178  0.0
2.6452927016  1.2182  0.0
2.6439638306  1.2188  0.0
2.642636294  1.2192  0.0
2.6412403265  1.2197  0.0
2.6399155227  1.2205  0.0
2.6385920473  1.2209  0.0
2.6372698982  1.2214  0.0
2.635879593  1.2219  0.0
2.6345601602  1.2225  0.0
2.6332420476  1.2231  0.0
2.6318559848  1.2235  0.0
2.6305405761  1.224  0.0
2.6292264816  1.2244  0.0
2.6279136993  1.2249  0.0
2.6265332388  1.2252  0.0
2.625223144  1.2258  0.0
2.6239143554  1.2263  0.0
2.6225380924  1.2267  0.0
2.621231979  1.2272  0.0
2.619927166  1.2275  0.0
2.6186236514  1.2281  0.0
2.6172529313  1.2285  0.0
2.6159520758  1.229  0.0
2.6146525127  1.2295  0.0
2.6132859457  1.2298  0.0
2.6119890296  1.2303  0.0
2.6106934002  1.2308  0.0
2.6093309675  1.2311  0.0
2.608037973  1.2315  0.0
2.6067462593  1.2319  0.0
2.6054558245  1.2324  0.0
2.6040988516  1.2326  0.0
2.6028110359  1.233  0.0
2.6015244934  1.2334  0.0
2.6001716113  1.2335  0.0
2.5988876761  1.234  0.0
2.5976050082  1.2345  0.0
2.5963236058  1.2351  0.0
2.5949761262  1.2355  0.0
2.5936973155  1.2358  0.0
2.5924197646  1.2361  0.0
2.5910763331  1.2364  0.0
2.5898013622  1.2369  0.0
2.5885276455  1.2373  0.0
2.587255181  1.2377  0.0
2.5859170955  1.238  0.0
2.5846471957  1.2384  0.0
2.5833785425  1.2388  0.0
2.5820444628  1.239  0.0
2.5807783628  1.2394  0.0
2.5795135038  1.2398  0.0
2.578249884  1.2401  0.0
2.5769210947  1.2404  0.0
2.5756600129  1.2408  0.0
2.5744001648  1.2411  0.0
2.5730753396  1.2414  0.0
2.5718180182  1.2417  0.0
2.5705619248  1.242  0.0
2.5693070579  1.2424  0.0
2.5679874682  1.2426  0.0
2.5667351129  1.243  0.0
2.5654839786  1.2433  0.0
2.564168312  1.2435  0.0
2.5629196781  1.2439  0.0
2.5616722597  1.2442  0.0
2.5603604988  1.2444  0.0
2.5591155697  1.2447  0.0
2.5578718506  1.2449  0.0
2.5566293399  1.2454  0.0
2.5553227373  1.2457  0.0
2.5540827012  1.2458  0.0
2.5528438681  1.2462  0.0
2.5515411308  1.2467  0.0
2.5503047614  1.247  0.0
2.5490695896  1.2472  0.0
2.5478356136  1.2474  0.0
2.5465379816  1.2475  0.0
2.5453064549  1.2479  0.0
2.5440761188  1.2483  0.0
2.5427823124  1.2485  0.0
2.5415544147  1.2489  0.0
2.5403277023  1.2492  0.0
2.5391021735  1.2496  0.0
2.53781342  1.2496  0.0
2.5365903153  1.2499  0.0
2.535368389  1.2501  0.0
2.534083422  1.2502  0.0
2.5328639092  1.2506  0.0
2.5316455696  1.251  0.0
2.5304284015  1.2511  0.0
2.5291484357  1.2512  0.0
2.527933667  1.2515  0.0
2.5267200647  1.252  0.0
2.5254438468  1.2524  0.0
2.5242326333  1.2526  0.0
2.5230225811  1.2529  0.0
2.5218136884  1.2533  0.0
2.5205424207  1.2533  0.0
2.5193359031  1.2536  0.0
2.5181305399  1.2538  0.0
2.516862982  1.254  0.0
2.5156599834  1.2542  0.0
2.5144581343  1.2545  0.0
2.5131942699  1.2546  0.0
2.5119947751  1.255  0.0
2.5107964246  1.2553  0.0
2.509599217  1.2557  0.0
2.5083402313  1.2559  0.0
2.5071453643  1.2563  0.0
2.5059516351  1.2568  0.0
2.5046963056  1.257  0.0
2.5035049069  1.2574  0.0
2.502314641  1.2579  0.0
2.5011255065  1.2583  0.0
