freq(cm^-1), k, n
40000 -0.00582
38642.86266 -0.00582
37373.39762 -0.00582
36185.99602 -0.00582
35071.72167 -0.00582
34022.86336 -0.00582
33036.00925 -0.00582
32104.79003 -0.00582
31223.65504 -0.00582
30390.51816 -0.00582
29599.81056 -0.00582
28850.03751 -0.00582
28137.31007 -0.00582
27458.1949 -0.00582
26811.80792 -0.00582
26195.1539 -0.00582
25605.57177 -0.00582
25042.57237 -0.00582
24503.79809 -0.00582
23987.14289 -0.00582
23492.37672 -0.00582
23017.60847 -0.00582
22561.14069 -0.00582
22122.91492 -0.00582
21701.38889 -0.00582
21295.17238 -0.00582
20904.32092 -0.00582
20527.55825 -0.00582
20163.72948 -0.00582
19812.9656 -0.00582
19473.81745 -0.00582
19146.45121 -0.00582
18829.90943 -0.00582
18523.32086 -0.00582
18226.88831 -0.00582
17939.79405 -0.00582
17661.29175 -0.00582
17391.60681 -0.00582
17130.03409 -0.00582
16875.92818 -0.00582
16629.52739 -0.00582
16390.21832 -0.00582
16157.43808 -0.00582
15931.43112 -0.00582
15711.65962 -0.00582
15497.62886 -0.00582
15289.58473 -0.00582
15086.82468 -0.00582
14889.59366 -0.00582
14697.45293 -0.00582
14509.99739 -0.00582
14327.46862 -0.00582
14149.47505 -0.00582
13975.65441 -0.00582
13806.24318 -0.00582
13640.88993 -0.00582
13479.26888 -0.00582
13321.61032 -0.00582
13167.59718 -0.00582
13016.93503 -0.00582
12869.84723 -0.00582
12726.0464 -0.00582
12585.26517 -0.00582
12447.71958 -0.00582
12313.14798 -0.00582
12181.30657 -0.00582
12052.40385 -0.00582
11926.05844 -0.00582
11802.4738 -0.00582
11681.4242 -0.00582
11562.69873 -0.00582
11446.49337 -0.00582
11332.60049 -0.00582
11220.82585 -0.00582
11111.35803 -0.00582
11004.00546 -0.00582
10898.58863 -0.00582
10795.28894 -0.00582
10693.92906 -0.00582
10594.34262 -0.00582
10496.70403 -0.00582
10400.84871 -0.00582
10306.622 -0.00582
10214.1916 -0.00582
10123.30182 -0.00582
10034.11599 -0.00582
9946.4879 -0.00582
9860.27983 -0.00582
9775.64886 -0.00582
9692.4583 -0.00582
9610.57933 -0.00582
9530.16297 -0.00582
9451.0812 -0.00582
9373.21323 -0.00582
9296.70432 -0.00582
9221.4343 -0.00582
9147.28966 -0.00582
9074.41016 -0.00582
9002.6828 -0.00582
8932.00068 -0.00582
8862.49834 -0.00582
8794.06928 -0.00582
8726.61268 -0.00582
8660.25808 -0.00582
8594.83107 -0.00582
8530.458 -0.00582
8467.04204 -0.00582
8404.49136 -0.00582
8342.9277 -0.00582
8282.2594 -0.00582
8222.39946 -0.00582
8163.46523 -0.00582
8105.36981 -0.00582
8048.03065 -0.00582
7991.56091 -0.00582
7935.8781 -0.00582
7880.90378 -0.00582
7826.74713 -0.00582
7773.32971 -0.00582
7720.57688 -0.00582
7668.59404 -0.00582
7617.2485 -0.00582
7566.64321 -0.00582
7516.70588 -0.00582
7467.3676 -0.00582
7418.72784 -0.00582
7370.71761 -0.00582
7323.27116 -0.00582
7276.48458 -0.00582
7230.29203 -0.00582
7184.63064 -0.00582
7139.59333 -0.00582
7095.11714 -0.00582
7051.14193 -0.00582
7007.75759 -0.00582
6964.90385 -0.00582
6922.52312 -0.00582
6880.70238 -0.00582
6839.38391 -0.00582
6798.51249 -0.00582
6758.17232 -0.00582
6718.26293 -0.00582
6678.86673 -0.00582
6639.92988 -0.00582
6601.40082 -0.00582
6563.35939 -0.00582
6525.75389 -0.00582
6488.53476 -0.00582
6451.7794 -0.00582
6415.43811 -0.00582
6379.46323 -0.00582
6343.92981 -0.00582
6308.79004 -0.00582
6273.99804 -0.00582
6239.62662 -0.00582
6205.62975 -0.00582
6171.96324 -0.00582
6138.69774 -0.00582
6105.75162 -0.00582
6073.19414 -0.00582
6040.98202 -0.00582
6009.0737 -0.00582
5977.53642 -0.00582
5946.32844 -0.00582
5915.40964 -0.00582
5884.84535 -0.00582
5854.59527 -0.00582
5824.62067 -0.00582
5794.98502 -0.00582
5765.64941 -0.00582
5736.57641 -0.00582
5707.82771 -0.00582
5679.36573 -0.00582
5651.15425 -0.00582
5623.25328 -0.00582
5595.62646 -0.00582
5568.23877 -0.00582
5541.14857 -0.00582
5514.29028 -0.00582
5487.72122 -0.00582
5461.40697 -0.00582
5435.31432 -0.00582
5409.49908 -0.00582
5383.9279 -0.00582
5358.56862 -0.00582
5333.47556 -0.00582
5308.61642 -0.00582
5283.96001 -0.00582
5259.55925 -0.00582
5235.38281 -0.00582
5211.40046 -0.00582
5187.66374 -0.00582
5164.14226 -0.00582
5140.8067 -0.00582
5117.70727 -0.00582
5094.78854 -0.00582
5072.0999 -0.00582
5049.61244 -0.00582
5027.29823 -0.00582
5005.20541 -0.00582
4983.30593 -0.00582
4961.57262 -0.00582
4940.05246 -0.00582
4918.71818 -0.00582
4897.54339 -0.00582
4876.57391 -0.00582
4855.78324 -0.00582
4835.14571 -0.00582
4814.70604 -0.00582
4794.43845 -0.00582
4774.31799 -0.00582
4754.3883 -0.00582
4734.62431 -0.00582
4715.00172 -0.00582
4695.56316 -0.00582
4676.26236 -0.00582
4657.14126 -0.00582
4638.1759 -0.00582
4619.34304 -0.00582
4600.68366 -0.00582
4582.17443 -0.00582
4563.79269 -0.00582
4545.57852 -0.00582
4527.50915 -0.00582
4509.56253 -0.00582
4491.7778 -0.00582
4474.1328 -0.00582
4456.60603 -0.00582
4439.23574 -0.00582
4422.00034 -0.00582
4404.87884 -0.00582
4387.90868 -0.00633
4371.04966 -0.00679
4354.33866 -0.00662
4337.75495 -0.00801
4321.27841 -0.0077
4304.94509 -0.00748
4288.73478 -0.00843
4272.62784 -0.00832
4256.65954 -0.00558
4240.81016 -0.00558
4225.06052 -0.00558
4209.44515 -0.00558
4193.94478 -0.00558
4178.54069 -0.00558
4163.26667 -0.00558
4148.1039 -0.00558
4133.0341 -0.00558
4118.09036 -0.00558
4103.25429 -0.00558
4088.50802 -0.00558
4073.88396 -0.00558
4059.34766 -0.00558
4044.93109 -0.00558
4030.61656 -0.00558
4016.38686 -0.00558
4002.27329 -0.00558
3988.25857 -0.00558
3974.32585 -0.00558
3960.50584 -0.00558
3946.7816 -0.00558
3933.13668 -0.00558
3919.60114 -0.00558
3906.15845 -0.00558
3892.79249 -0.00552
3879.53275 -0.00545
3866.36303 -0.00539
3853.26757 -0.00533
3840.27527 -0.00527
3827.35564 -0.00521
3814.5372 -0.00515
3801.80434 -0.00509
3789.14184 -0.00502
3776.57767 -0.00496
3764.09654 -0.0049
3751.68357 -0.00466
3739.36618 -0.00441
3727.1294 -0.00417
3714.95865 -0.00392
3702.88084 -0.00367
3690.88131 -0.00342
3678.94576 -0.00317
3667.10061 -0.00292
3655.33148 -0.00268
3643.62439 -0.00243
3632.00523 -0.0022
3620.45994 -0.00197
3608.9748 -0.00174
3597.57523 -0.00151
3586.2346 -9.43961E-4
3574.97801 -2.98274E-4
3563.79187 3.47414E-4
3552.6629 0.00106
3541.61576 0.00244
3530.6371 0.00383
3519.71392 0.01398
3508.87042 0.02848
3498.09354 0.04773
3487.37049 0.07358
3476.72506 0.10628
3466.14443 0.14602
3455.61607 0.19122
3445.16334 0.24009
3434.77365 0.28881
3424.43471 0.33468
3414.16949 0.3764
3403.95403 0.41556
3393.81105 0.44849
3383.72833 0.4801
3373.69396 0.50837
3363.73024 0.53701
3353.82521 0.5672
3343.96715 0.5981
3334.17799 0.63427
3324.44598 0.67256
3314.75963 0.71202
3305.14048 0.75013
3295.57701 0.7818
3286.05791 0.80373
3276.60439 0.81505
3267.2051 0.81452
3257.84897 0.80294
3248.55683 0.78263
3239.31754 0.75752
3230.12023 0.72845
3220.98536 0.69693
3211.89171 0.66358
3202.85951 0.62957
3193.87797 0.59565
3184.93652 0.55949
3176.05509 0.52213
3167.22304 0.48258
3158.43001 0.44134
3149.69558 0.39847
3141.00933 0.35553
3132.36105 0.31341
3123.77002 0.27237
3115.22598 0.23508
3106.7189 0.20103
3098.26776 0.17096
3089.86247 0.14683
3081.49317 0.12704
3073.17853 0.11064
3064.89924 0.09737
3056.67379 0.08696
3048.49237 0.07809
3040.34538 0.07049
3032.25102 0.06469
3024.19965 0.0591
3016.18182 0.05386
3008.21544 0.05004
3000.29103 0.04647
2992.39931 0.04291
2984.5579 0.03969
2976.75748 0.03716
2968.98891 0.03452
2961.26956 0.03211
2953.59024 0.03005
2945.94196 0.02811
2938.34183 0.02654
2930.78082 0.02469
2923.25007 0.0237
2915.76642 0.02197
2908.31254 0.02103
2900.90508 0.02008
2893.53526 0.0193
2886.19447 0.01843
2878.89911 0.01777
2871.64054 0.01682
2864.41028 0.01653
2857.22449 0.01591
2850.07467 0.01518
2842.95246 0.01464
2835.8738 0.01453
2828.83031 0.01403
2821.81375 0.01364
2814.83984 0.01359
2807.90031 0.01311
2800.98707 0.01252
2794.11559 0.01239
2787.26998 0.01218
2780.46556 0.01218
2773.69428 0.01192
2766.94825 0.01156
2760.24257 0.01139
2753.56931 0.01111
2746.9207 0.01083
2740.31163 0.01109
2733.73428 0.01076
2727.18099 0.01097
2720.66645 0.01073
2714.18296 0.01065
2707.72297 0.01042
2701.30095 0.01024
2694.90932 0.01056
2688.54063 0.01005
2682.20917 0.01025
2675.90747 0.01009
2669.62817 0.01012
2663.38538 0.01026
2657.16465 0.01007
2650.97993 0.01013
2644.82395 0.01012
2638.68952 0.0104
2632.59042 0.01037
2626.51944 0.01041
2620.46954 0.01069
2614.45427 0.01047
2608.46656 0.01081
2602.49944 0.01096
2596.5663 0.01076
2590.66015 0.01122
2584.77413 0.01126
2578.92144 0.01158
2573.0952 0.01133
2567.28864 0.01156
2561.51478 0.01166
2555.7603 0.01166
2550.03812 0.01213
2544.34151 0.01212
2538.66385 0.01242
2533.01789 0.01268
2527.39698 0.01257
2521.79461 0.01281
2516.22335 0.01308
2510.67665 0.01305
2505.14808 0.01349
2499.65005 0.01363
2494.1761 0.01371
2488.71988 0.01416
2483.29364 0.01408
2477.89102 0.01431
2472.50574 0.01465
2467.1499 0.01517
2461.81721 0.01506
2456.5015 0.01526
2451.2147 0.0157
2445.94462 0.01606
2440.70312 0.01628
2435.48403 0.01661
2430.28131 0.01649
2425.10664 0.01619
2419.95397 0.01708
2414.81732 0.01701
2409.70823 0.01726
2404.62072 0.01754
2399.54888 0.01782
2394.50413 0.01808
2389.48055 0.01836
2384.47232 0.01876
2379.49069 0.0192
2374.52984 0.01967
2369.58402 0.02012
2364.66435 0.0206
2359.75949 0.02105
2354.88049 0.02153
2350.02162 0.02192
2345.17726 0.02229
2340.35831 0.02265
2335.55912 0.02304
2330.77414 0.02341
2326.01414 0.02378
2321.27354 0.0241
2316.54686 0.02442
2311.84474 0.02474
2307.16166 0.02506
2302.49222 0.02535
2297.84692 0.02579
2293.22032 0.02606
2288.60709 0.02646
2284.01759 0.02706
2279.44646 0.02757
2274.88842 0.02855
2270.35372 0.02913
2265.83193 0.02981
2261.33324 0.02997
2256.85237 0.03077
2252.38415 0.0316
2247.93864 0.03176
2243.51065 0.03253
2239.09505 0.03291
2234.70179 0.03286
2230.32574 0.03325
2225.96184 0.03365
2221.61992 0.03321
2217.2949 0.03334
2212.98179 0.03313
2208.69031 0.03264
2204.41544 0.03232
2200.15225 0.03139
2195.91034 0.03095
2191.67994 0.03011
2187.47061 0.02908
2183.27741 0.0287
2179.0955 0.02807
2174.93432 0.02647
2170.78899 0.02597
2166.65475 0.02521
2162.5409 0.02456
2158.44264 0.02354
2154.35524 0.02287
2150.28792 0.02177
2146.23593 0.021
2142.19459 0.01992
2138.17302 0.01997
2134.16651 0.01891
2130.17046 0.01827
2126.19386 0.01768
2122.23208 0.01694
2118.28055 0.01609
2114.34818 0.01571
2110.42593 0.01485
2106.52264 0.01493
2102.63376 0.01376
2098.75481 0.01377
2094.89453 0.01298
2091.04843 0.01229
2087.21207 0.01211
2083.3941 0.01174
2079.59007 0.01119
2075.7956 0.01077
2072.01924 0.01064
2068.2566 0.00998
2064.50334 0.0101
2060.76792 0.00958
2057.046 0.00923
2053.33328 0.00877
2049.63814 0.00845
2045.95208 0.00863
2042.28344 0.00803
2038.62792 0.00796
2034.98133 0.00735
2031.35188 0.00724
2027.73536 0.00691
2024.1276 0.00666
2020.53674 0.00647
2016.95859 0.00642
2013.38904 0.00647
2009.83614 0.00622
2006.29576 0.00609
2002.76381 0.00559
1999.24828 0.00536
1995.74507 0.00522
1992.25015 0.00533
1988.7714 0.00514
1985.30477 0.00509
1981.84629 0.00464
1978.40374 0.00457
1974.96924 0.00461
1971.55053 0.00418
1968.14363 0.00413
1964.74462 0.0042
1961.36118 0.00418
1957.98938 0.00423
1954.62533 0.00416
1951.27662 0.0039
1947.93937 0.00381
1944.60974 0.00399
1941.29523 0.00394
1937.99201 0.00387
1934.69626 0.00405
1931.41544 0.00346
1928.14572 0.00367
1924.88335 0.00378
1921.6357 0.00414
1918.3953 0.00401
1915.16948 0.00366
1911.9545 0.00383
1908.74664 0.00366
1905.55316 0.0042
1902.37035 0.00406
1899.19455 0.00389
1896.03293 0.00404
1892.88182 0.00395
1889.73759 0.00408
1886.60735 0.0043
1883.48747 0.00427
1880.37434 0.00454
1877.27502 0.0046
1874.1859 0.00479
1871.10343 0.00487
1868.03457 0.00511
1864.97576 0.00535
1861.92348 0.0053
1858.88463 0.00538
1855.85224 0.00583
1852.83317 0.00612
1849.8239 0.0063
1846.82097 0.00631
1843.83119 0.00673
1840.85106 0.00654
1837.87718 0.00706
1834.91625 0.00699
1831.96486 0.00753
1829.01959 0.00825
1826.08712 0.00798
1823.16403 0.00857
1820.24697 0.00901
1817.34254 0.00915
1814.44736 0.00891
1811.5581 0.01
1808.68131 0.01043
1805.81038 0.01081
1802.95179 0.01138
1800.10225 0.01195
1797.25846 0.01231
1794.42687 0.01279
1791.60418 0.01339
1788.78717 0.01415
1785.98218 0.01425
1783.18598 0.01511
1780.39535 0.01615
1777.61661 0.01687
1774.84652 0.01747
1772.08191 0.01842
1769.32904 0.01907
1766.5847 0.02041
1763.84575 0.02188
1761.11838 0.02275
1758.39943 0.02409
1755.68579 0.02555
1752.98358 0.02728
1750.28661 0.02784
1747.60098 0.0294
1744.92358 0.03152
1742.25134 0.03406
1739.59029 0.03566
1736.93736 0.03775
1734.2895 0.04053
1731.65271 0.04213
1729.02391 0.04435
1726.40011 0.047
1723.78723 0.0489
1721.18225 0.05176
1718.58217 0.05472
1715.99288 0.05667
1713.41138 0.05835
1710.83472 0.06075
1708.2687 0.06239
1705.70747 0.06394
1703.1568 0.0656
1700.61375 0.06761
1698.0754 0.06882
1695.54749 0.07048
1693.0271 0.07086
1690.51133 0.07142
1688.00587 0.07231
1685.50784 0.07314
1683.01435 0.07365
1680.53105 0.07335
1678.05507 0.07359
1675.58356 0.07409
1673.12213 0.0743
1670.66792 0.07442
1668.21811 0.07416
1665.77825 0.0742
1663.34552 0.07409
1660.91713 0.07367
1658.49856 0.07341
1656.08429 0.07326
1653.67977 0.07365
1651.28222 0.07313
1648.8889 0.07272
1646.50521 0.0724
1644.12841 0.07171
1641.75576 0.07103
1639.39264 0.07068
1637.03631 0.07075
1634.68407 0.06994
1632.34125 0.06957
1630.00513 0.06951
1627.67305 0.06932
1625.35026 0.06931
1623.0341 0.06978
1620.7219 0.06911
1618.4189 0.0691
1616.11983 0.0694
1613.82988 0.06918
1611.54641 0.06822
1609.2668 0.06832
1606.99622 0.06809
1604.73203 0.06803
1602.47165 0.06754
1600.22019 0.06772
1597.97505 0.06749
1595.73365 0.06689
1593.50107 0.06664
1591.27472 0.06642
1589.05207 0.0665
1586.83813 0.06591
1584.63035 0.06549
1582.42621 0.06495
1580.23068 0.06456
1578.04124 0.06478
1575.85537 0.06474
1573.67803 0.06355
1571.50423 0.06286
1569.33888 0.06278
1567.1795 0.06243
1565.0236 0.06239
1562.87607 0.06184
1560.73442 0.06186
1558.5962 0.06176
1556.46626 0.06109
1554.34213 0.06075
1552.22138 0.06072
1550.10882 0.06023
1548.00199 0.05979
1545.8985 0.05913
1543.8031 0.05901
1541.71337 0.05899
1539.62692 0.0592
1537.54847 0.05852
1535.47327 0.05788
1533.40602 0.0574
1531.34432 0.05692
1529.28582 0.05661
1527.23519 0.05657
1525.19004 0.05663
1523.14804 0.05603
1521.11382 0.05545
1519.08502 0.05493
1517.05933 0.05508
1515.04133 0.05479
1513.02869 0.05432
1511.01911 0.05387
1509.01713 0.05377
1507.02045 0.05439
1505.02679 0.05391
1503.04065 0.05333
1501.05975 0.05297
1499.08181 0.05252
1497.11132 0.05292
1495.14377 0.05269
1493.18362 0.05147
1491.22859 0.05138
1489.27646 0.05143
1487.33165 0.05137
1485.39191 0.05101
1483.45503 0.0505
1481.52538 0.05005
1479.60074 0.05047
1477.67892 0.04951
1475.76426 0.04916
1473.85456 0.04938
1471.94762 0.049
1470.04778 0.0488
1468.15283 0.04854
1466.26061 0.04822
1464.37541 0.04793
1462.49291 0.04762
1460.61737 0.04732
1458.74664 0.04703
1456.87858 0.04671
1455.01741 0.04642
1453.16099 0.04611
1451.30719 0.04581
1449.46022 0.04553
1447.61794 0.0452
1445.77826 0.04491
1443.94532 0.04461
1442.11703 0.0443
1440.29128 0.04398
1438.47223 0.04369
1436.65776 0.0434
1434.8458 0.04307
1433.04047 0.04278
1431.23967 0.04247
1429.44135 0.04217
1427.64957 0.04188
1425.86026 0.04155
1424.07745 0.04126
1422.29909 0.04096
1420.52315 0.04064
1418.75365 0.04035
1416.98856 0.04004
1415.22585 0.03973
1413.46952 0.03944
1411.71754 0.03911
1409.96791 0.03881
1408.22459 0.03852
1406.48559 0.03819
1404.74889 0.0379
1403.01845 0.03762
1401.29227 0.03739
1399.56837 0.03719
1397.85066 0.03699
1396.13522 0.03679
1394.42592 0.03663
1392.72081 0.03644
1391.01792 0.03624
1389.32112 0.03604
1387.62846 0.03584
1385.938 0.03564
1384.25356 0.03545
1382.57322 0.03526
1380.89504 0.03509
1379.22284 0.0349
1377.55468 0.0347
1375.88865 0.0345
1374.22854 0.0343
1372.57243 0.03411
1370.91843 0.03391
1369.27029 0.03374
1367.6261 0.03355
1365.98399 0.03336
1364.34768 0.03316
1362.71343 0.03296
1361.08495 0.03276
1359.46035 0.03256
1357.83778 0.03236
1356.22092 0.03221
1354.6079 0.03201
1352.99689 0.03182
1351.39153 0.03162
1349.78997 0.03142
1348.19039 0.03122
1346.59641 0.03102
1345.00619 0.03082
1343.41792 0.03067
1341.8352 0.03047
1340.2562 0.03028
1338.67913 0.03007
1337.10754 0.02988
1335.53786 0.02968
1333.97364 0.02948
1332.41308 0.02924
1330.8544 0.029
1329.30112 0.02879
1327.75147 0.02856
1326.20366 0.02831
1324.66122 0.02811
1323.12236 0.02787
1321.58532 0.02766
1320.05359 0.02742
1318.52541 0.02718
1316.99903 0.02697
1315.47791 0.02674
1313.9603 0.02649
1312.44447 0.02627
1310.93384 0.02604
1309.42669 0.0258
1307.92129 0.02558
1306.42106 0.02536
1304.92256 0.02511
1303.42919 0.02488
1301.93924 0.02466
1300.451 0.02442
1298.96784 0.02418
1297.48806 0.02397
1296.00997 0.02372
1294.53692 0.02347
1293.06722 0.02327
1291.59918 0.02303
1290.13614 0.02278
1288.6764 0.02256
1287.21831 0.02233
1285.76517 0.02208
1284.3153 0.02185
1282.86705 0.02163
1281.42371 0.02139
1279.98198 0.02118
1278.54512 0.02094
1277.11148 0.02069
1275.67943 0.02048
1274.25221 0.02023
1272.82817 0.01998
1271.4057 0.01976
1269.98802 0.01953
1268.5735 0.01928
1267.16052 0.01905
1265.75229 0.01883
1264.34718 0.01858
1262.94359 0.01837
1261.54471 0.01812
1260.14892 0.01791
1258.75464 0.01767
1257.36502 0.01744
1255.97846 0.01723
1254.59338 0.01701
1253.21292 0.01676
1251.83394 0.01656
1250.45954 0.0163
1249.08817 0.01608
1247.71824 0.01584
1246.35286 0.01561
1244.99047 0.01539
1243.62951 0.01514
1242.27306 0.01493
1240.91957 0.01467
1239.56749 0.01446
1238.21989 0.01421
1236.87521 0.01398
1235.53192 0.01375
1234.19307 0.0135
1232.85712 0.01329
1231.52254 0.01303
1230.19237 0.01281
1228.86355 0.0126
1227.5391 0.01237
1226.21751 0.01212
1224.89726 0.0119
1223.58135 0.01165
1222.26826 0.01142
1220.9565 0.01118
1219.64903 0.01094
1218.34437 0.01071
1217.04101 0.01046
1215.74191 0.01023
1214.44559 0.00999
1213.15055 0.00975
1211.85974 0.00952
1210.57168 0.00926
1209.28489 0.00904
1208.00229 0.00879
1206.72241 0.00855
1205.44378 0.00831
1204.16932 0.00806
1202.89609 0.00783
1201.627 0.00761
1200.36059 0.00738
1199.0954 0.00733
1197.83432 0.00741
1196.57588 0.00693
1195.31865 0.00617
1194.06549 0.0061
1192.81496 0.00619
1191.56562 0.00597
1190.32032 0.00555
1189.07761 0.0053
1187.83608 0.00505
1186.59856 0.00477
1185.3636 0.00439
1184.12982 0.0032
1182.9 0.00279
1181.67133 0.00299
1180.44661 0.00344
1179.22442 0.00318
1178.00338 0.00343
1176.78624 0.00348
1175.57162 0.00327
1174.35813 0.00294
1173.14851 0.00284
1171.94138 0.00252
1170.73536 0.00222
1169.53319 0.00213
1168.33349 0.00223
1167.13488 0.00184
1165.94009 0.00128
1164.74774 8.38178E-4
1163.55648 0.00149
1162.369 0.00108
1161.18394 2.57219E-4
1159.99995 -5.83903E-4
1158.81972 -3.50889E-4
1157.64054 3.67706E-5
1156.4651 2.39211E-4
1155.29205 1.45043E-4
1154.12004 4.406E-4
1152.95173 4.60134E-4
1151.78579 1.25602E-4
1150.62088 -6.17089E-4
1149.45964 3.66635E-4
1148.30074 9.97735E-4
1147.14287 0.00113
1145.98864 4.6398E-4
1144.83673 -4.99701E-4
1143.68582 -9.23809E-4
1142.53854 -8.50745E-4
1141.39355 -6.81189E-4
1140.24956 -1.26073E-4
1139.10915 -1.25955E-5
1137.96973 -6.92491E-4
1136.83387 -2.57022E-4
1135.70028 -3.26619E-4
1134.56767 -5.06409E-4
1133.43859 -2.54764E-5
1132.31176 -2.89569E-4
1131.18589 -3.3993E-4
1130.06353 8.67243E-5
1128.9434 -5.94285E-4
1127.82421 -5.32635E-4
1126.70851 -2.60241E-5
1125.59502 3.28432E-4
1124.48246 -5.47185E-4
1123.37336 -0.00142
1122.26644 -0.00162
1121.16045 -0.00172
1120.05788 -0.00217
1118.95749 -0.00293
1117.85801 -0.00224
1116.76193 -0.00153
1115.66675 -9.04908E-4
1114.57496 -7.95055E-4
1113.48531 -4.49211E-4
1112.39655 -2.36366E-4
1111.31115 -6.08715E-4
1110.22786 -2.71901E-4
1109.14546 -1.27172E-4
1108.06639 -6.03287E-4
1106.98942 -0.0014
1105.91332 -0.00185
1104.84053 -0.00178
1103.76982 -6.73599E-4
1102.69996 -2.65341E-4
1101.63339 -6.65132E-4
1100.56888 -0.00122
1099.50522 -0.00186
1098.44482 -0.00257
1097.38526 -0.00269
1096.32894 -0.00285
1095.27466 -0.00304
1094.2212 -0.00294
1093.17096 -0.00266
1092.12274 -0.00225
1091.07533 -0.00231
1090.03112 -0.00202
1088.98891 -0.0014
1087.9475 -0.00171
1086.90926 -0.00156
1085.87301 -9.16517E-4
1084.83755 -0.0019
1083.80524 -0.00212
1082.77489 -0.00118
1081.74533 -8.5974E-4
1080.71889 -0.00139
1079.6944 -0.00335
1078.67069 -0.00378
1077.65008 -0.00358
1076.63023 -0.00259
1075.61348 -0.00111
1074.59864 -3.68067E-5
1073.58456 -0.00213
1072.57354 -0.00273
1071.56443 -0.00235
1070.55607 -0.00276
1069.55075 -0.00275
1068.54731 -0.00227
1067.54462 -0.00231
1066.54494 -0.00269
1065.54713 -0.00364
1064.55006 -0.00355
1063.55598 -0.0032
1062.56375 -0.00363
1061.57225 -0.00463
1060.58372 -0.00611
1059.59591 -0.00596
1058.61106 -0.00584
1057.62804 -0.00597
1056.64572 -0.00659
1055.66634 -0.00731
1054.68878 -0.00756
1053.71191 -0.00594
1052.73796 -0.0025
1051.76581 -0.00281
1050.79435 -0.00359
1049.82578 -0.00435
1048.859 -0.00506
1047.8929 -0.00574
1046.92967 -0.00496
1045.96821 -0.00457
1045.00742 -0.00495
1044.04949 -0.00513
1043.09331 -0.00521
1042.1378 -0.00497
1041.18512 -0.00482
1040.2331 -0.00481
1039.28389 -0.00537
1038.33642 -0.00602
1037.3896 -0.0052
1036.44557 -0.00522
1035.50326 -0.00652
1034.5616 -0.00708
1033.62271 -0.00738
1032.68553 -0.00786
1031.74898 -0.00804
1030.81519 -0.00765
1029.88309 -0.00749
1028.95161 -0.00744
1028.02288 -0.00715
1027.09581 -0.00711
1026.16937 -0.00779
1025.24565 -0.00742
1024.32254 -0.00619
1023.40214 -0.00692
1022.48339 -0.00775
1021.56524 -0.0067
1020.64979 -0.00588
1019.73597 -0.00541
1018.82275 -0.00552
1017.9122 -0.00592
1017.00328 -0.00628
1016.09494 -0.00639
1015.18926 -0.00546
1014.28519 -0.00458
1013.38171 -0.00375
1012.48085 -0.00567
1011.5816 -0.00877
1010.68292 -0.00865
1009.78685 -0.00825
1008.89238 -0.00745
1007.99847 -0.0067
1007.10716 -0.00604
1006.2164 -0.00565
1005.32824 -0.0054
1004.44164 -0.00642
1003.5556 -0.00745
1002.67212 -0.00618
1001.7902 -0.00496
1000.90883 -0.00384
1000.03 -0.00298
999.15272 -0.00239
998.27598 -0.00215
997.40177 -0.00206
996.52909 -7.05964E-4
995.65694 6.81377E-4
994.78731 5.14711E-4
993.9192 3.24018E-4
993.05162 6.41213E-5
992.18653 3.66664E-4
991.32197 0.0014
990.45989 0.00411
989.59931 0.00792
988.73925 0.00814
987.88166 0.0073
987.02555 0.00742
986.16995 0.00765
985.31681 0.00826
984.46514 0.00915
983.61397 0.011
982.76525 0.01258
981.91798 0.01369
981.07121 0.01478
980.22686 0.01584
979.38397 0.01622
978.54156 0.0162
977.70156 0.01782
976.863 0.01997
976.02492 0.02277
975.18924 0.02567
974.35403 0.02524
973.5212 0.02494
972.68979 0.02662
971.85885 0.02817
971.03028 0.02916
970.20312 0.03077
969.37643 0.034
968.55208 0.03685
967.72914 0.039
966.90665 0.041
966.0865 0.04281
965.26774 0.04533
964.44943 0.04851
963.63344 0.05155
962.81883 0.05448
962.00466 0.05585
961.1928 0.05635
960.38139 0.05776
959.57226 0.05956
958.7645 0.06295
957.95718 0.06689
957.15213 0.06986
956.34843 0.07256
955.54517 0.07263
954.74417 0.07214
953.94451 0.07517
953.14528 0.07882
952.3483 0.08326
951.55265 0.08782
950.75742 0.09263
949.96442 0.09746
949.17275 0.10111
948.38149 0.10461
947.59245 0.10372
946.80472 0.10234
946.01741 0.10547
945.2323 0.10913
944.44759 0.11295
943.66508 0.1168
942.88387 0.12088
942.10306 0.125
941.32442 0.12934
940.54708 0.13372
939.77013 0.13682
938.99535 0.13961
938.22184 0.14237
937.44873 0.14511
936.67777 0.14802
935.90808 0.151
935.13877 0.1529
934.37161 0.15426
933.6057 0.16001
932.84017 0.16853
932.07677 0.17462
931.31375 0.17871
930.55284 0.18288
929.79318 0.18714
929.03389 0.19063
928.2767 0.19294
927.52075 0.19598
926.76516 0.20067
926.01167 0.20506
925.2594 0.20835
924.50749 0.2117
923.75766 0.21547
923.00905 0.21924
922.26079 0.22321
921.5146 0.22719
920.76962 0.23305
920.02499 0.23916
919.28241 0.24238
918.54103 0.24471
917.8 0.24819
917.061 0.25235
916.32236 0.25583
915.58574 0.2586
914.85031 0.26167
914.11522 0.26529
913.38214 0.26913
912.65025 0.27389
911.91869 0.27861
911.18913 0.28216
910.46074 0.28571
909.73268 0.28987
909.00662 0.29411
908.28171 0.29757
907.55714 0.30067
906.83454 0.30415
906.11309 0.30797
905.39197 0.31171
904.67282 0.31527
903.95399 0.31892
903.23711 0.32319
902.52137 0.32747
901.80596 0.33252
901.09248 0.33764
900.38014 0.34113
899.66811 0.34394
898.95802 0.34637
898.24904 0.3484
897.54038 0.35087
896.83364 0.35464
896.12801 0.3584
895.42269 0.36159
894.71928 0.36478
894.01697 0.36832
893.31497 0.37197
892.61486 0.37531
891.91585 0.37837
891.21714 0.38139
890.52032 0.3843
889.8238 0.38722
889.12915 0.39018
888.43559 0.39314
887.74232 0.39584
887.05092 0.39843
886.36059 0.40106
885.67056 0.40375
884.98238 0.40652
884.29527 0.40987
883.60844 0.41322
882.92347 0.41627
882.23955 0.41926
881.55591 0.42235
880.87411 0.42554
880.19336 0.4289
879.51289 0.43294
878.83424 0.43698
878.15664 0.43878
877.47932 0.44027
876.8038 0.44176
876.12856 0.44327
875.45513 0.44478
874.78273 0.44634
874.11059 0.44789
873.44025 0.44951
872.77094 0.45113
872.1019 0.4529
871.43463 0.45481
870.76839 0.45674
870.10241 0.45884
869.4382 0.46095
868.77501 0.46309
868.11207 0.46525
867.4509 0.4671
866.79073 0.46838
866.13082 0.46965
865.47266 0.47079
864.81475 0.47191
864.15859 0.47447
863.50342 0.47816
862.8485 0.48149
862.19532 0.48262
861.54313 0.48376
860.89118 0.48526
860.24095 0.48689
859.59171 0.48883
858.94271 0.49149
858.29543 0.49416
857.64912 0.4958
857.00304 0.49726
856.35868 0.49787
855.71528 0.49721
855.07212 0.49655
854.43065 0.49776
853.79015 0.49907
853.14987 0.50026
852.51129 0.50131
851.87293 0.50237
851.23625 0.50379
850.60052 0.50521
849.96502 0.50624
849.33119 0.50692
848.69831 0.50761
848.06565 0.50853
847.43465 0.50945
846.80458 0.51055
846.17474 0.51182
845.54655 0.51307
844.91929 0.51365
844.29225 0.51422
843.66685 0.51417
843.04237 0.51346
842.41811 0.51275
841.79548 0.51488
841.17307 0.51713
840.55228 0.51868
839.9324 0.51927
839.31274 0.51985
838.69469 0.51917
838.07755 0.51829
837.46062 0.51731
836.84529 0.51609
836.23087 0.51488
835.61666 0.51738
835.00404 0.52118
834.39232 0.52451
833.7808 0.5253
833.17087 0.52609
832.56183 0.52635
831.95298 0.52623
831.34572 0.52611
830.73935 0.52771
830.13317 0.52935
829.52856 0.53047
828.92415 0.53065
828.3213 0.53084
827.71933 0.53043
827.11754 0.52982
826.51732 0.52924
825.91797 0.52894
825.3188 0.52864
824.72118 0.52824
824.12443 0.52775
823.52786 0.52725
822.93283 0.5269
822.33867 0.52659
821.74468 0.52627
821.15222 0.52592
820.56062 0.52556
819.9692 0.52536
819.3793 0.52532
818.78958 0.52528
818.20138 0.52517
817.61402 0.52506
817.02684 0.52494
816.44117 0.52482
815.85633 0.5247
815.27167 0.5245
814.68851 0.52418
814.10618 0.52387
813.52402 0.52355
812.94336 0.52322
812.36352 0.5229
811.78385 0.52257
811.20567 0.52223
810.62831 0.5219
810.05111 0.52162
809.4754 0.52133
808.90049 0.52094
808.32576 0.52044
807.75249 0.51995
807.17938 0.51951
806.60773 0.51909
806.03689 0.51867
805.46622 0.51813
804.89699 0.51759
804.32857 0.51708
803.76031 0.51665
803.1935 0.51623
802.62748 0.5157
802.06162 0.51502
801.4972 0.51435
800.93357 0.5137
800.37009 0.51306
799.80805 0.51243
799.24679 0.51166
798.68568 0.51088
798.126 0.51009
797.56647 0.50929
797.00835 0.5085
796.45101 0.50771
795.89382 0.5069
795.33805 0.5061
794.78304 0.50531
794.22818 0.50457
793.67473 0.50382
793.12205 0.50303
792.5695 0.50218
792.01836 0.50133
791.46798 0.50045
790.91773 0.49955
790.36888 0.49866
789.82079 0.49765
789.27284 0.49661
788.72626 0.49557
788.18045 0.49463
787.63476 0.49372
787.09046 0.4928
786.54628 0.49172
786.00348 0.49064
785.46142 0.48957
784.9195 0.48855
784.37894 0.48754
783.83912 0.48651
783.29943 0.48541
782.7611 0.48431
782.2235 0.48323
781.68603 0.48227
781.14992 0.4813
780.61453 0.4803
780.07927 0.4792
779.54535 0.4781
779.01217 0.47703
778.4791 0.47602
777.94737 0.47501
777.41576 0.47397
776.88548 0.47286
776.35593 0.47174
775.82649 0.47065
775.29837 0.46959
774.77098 0.46854
774.2437 0.46744
773.71774 0.46625
773.19249 0.46506
772.66736 0.46391
772.14353 0.46282
771.62042 0.46174
771.09742 0.46061
770.57572 0.45937
770.05473 0.45813
769.53385 0.45695
769.01426 0.45591
768.49538 0.45486
767.9766 0.45379
767.45912 0.45263
766.94174 0.45147
766.42565 0.45032
765.91025 0.44918
765.39496 0.44805
764.88095 0.4469
764.36763 0.44569
763.85441 0.44449
763.34246 0.44328
762.8312 0.44213
762.32004 0.44098
761.81015 0.43983
761.30094 0.43848
760.79183 0.43711
760.28398 0.43574
759.77681 0.43446
759.26973 0.4332
758.76391 0.43194
758.25819 0.43063
757.75371 0.4293
757.24991 0.42797
756.7462 0.42669
756.24374 0.42547
755.74194 0.42424
755.24023 0.42295
754.73977 0.42159
754.23996 0.42023
753.74025 0.41888
753.24176 0.41756
752.74394 0.41623
752.24621 0.41491
751.7497 0.41356
751.25384 0.41221
750.75808 0.41086
750.26353 0.40961
749.76963 0.40837
749.27582 0.40713
748.78323 0.40577
748.29072 0.40437
747.79941 0.40296
747.30875 0.40144
746.81818 0.3998
746.32881 0.39815
745.84008 0.39655
745.35143 0.39505
744.86398 0.39354
744.37716 0.39204
743.89043 0.39056
743.40488 0.38908
742.91997 0.38761
742.43514 0.38613
741.9515 0.38466
741.46848 0.38319
740.98554 0.3818
740.50378 0.38051
740.0221 0.37923
739.54159 0.37791
739.0617 0.3765
738.58189 0.3751
738.10325 0.37369
737.62523 0.37228
737.14728 0.37087
736.6705 0.36945
736.19433 0.36797
735.71824 0.36645
735.2433 0.36492
734.76897 0.36345
734.29472 0.36209
733.82162 0.36074
733.34912 0.35938
732.8767 0.35798
732.40542 0.35657
731.93475 0.35516
731.46415 0.35373
730.99469 0.35229
730.52529 0.35085
730.05703 0.34939
729.58937 0.34784
729.12178 0.34629
728.65532 0.34474
728.18945 0.34331
727.72365 0.34192
727.25898 0.34052
726.79489 0.3392
726.33087 0.33799
725.86797 0.33677
725.40566 0.33556
724.94342 0.33423
724.48228 0.3329
724.02174 0.33157
723.56125 0.33023
723.10188 0.32887
722.64256 0.32751
722.18435 0.32613
721.72672 0.32467
721.26915 0.32321
720.81267 0.32176
720.35678 0.32008
719.90094 0.31832
719.4462 0.31656
718.99203 0.31486
718.53792 0.31337
718.0849 0.31188
717.63244 0.31039
717.18005 0.30896
716.72874 0.30756
716.27799 0.30615
715.8273 0.30474
715.37769 0.30335
714.92864 0.30195
714.47964 0.30055
714.03172 0.29914
713.58385 0.29773
713.13705 0.29632
712.69081 0.29501
712.24462 0.29407
711.7995 0.29313
711.35493 0.29219
710.91041 0.29103
710.46695 0.28974
710.02405 0.28844
709.58119 0.28716
709.13939 0.28592
708.69814 0.28469
708.25693 0.28346
707.81677 0.28219
707.37717 0.28089
706.9376 0.27959
706.49909 0.27829
706.06061 0.27701
705.62318 0.27572
705.18629 0.27443
704.74945 0.27318
704.31364 0.272
703.87837 0.27082
703.44314 0.26964
703.00895 0.26848
702.57529 0.26733
702.14167 0.26618
701.70908 0.26502
701.27703 0.26391
700.84501 0.26279
700.41401 0.26167
699.98355 0.26066
699.55313 0.25984
699.12372 0.25903
698.69484 0.25821
698.266 0.25715
697.83817 0.25596
697.41038 0.25477
696.98359 0.25358
696.55734 0.25239
696.13111 0.2512
695.70589 0.25001
695.2812 0.24881
694.85653 0.24759
694.43287 0.24637
694.00972 0.24515
693.58661 0.24381
693.1645 0.24236
692.74289 0.24091
692.32133 0.23947
691.90075 0.23808
691.48068 0.23671
691.06065 0.23534
690.6416 0.23397
690.22258 0.23304
689.80455 0.23211
689.38702 0.23118
688.96953 0.23022
688.55301 0.22919
688.137 0.22816
687.72102 0.22713
687.30601 0.22612
686.8915 0.22515
686.47702 0.22417
686.06351 0.2232
685.6505 0.22217
685.23752 0.22112
684.8255 0.22006
684.41398 0.21901
684.00248 0.21792
683.59195 0.21682
683.18191 0.21573
682.77189 0.21463
682.36283 0.21357
681.9538 0.21251
681.54572 0.21146
681.13813 0.21041
680.73056 0.20951
680.32394 0.20861
679.91781 0.20772
679.5117 0.20686
679.10654 0.20621
678.70186 0.20556
678.2972 0.20491
677.89349 0.20423
677.49025 0.20346
677.08704 0.2027
676.68476 0.20193
676.28296 0.2011
675.88118 0.20014
675.48033 0.19919
675.07951 0.19824
674.67961 0.19732
674.28019 0.19646
673.88079 0.19559
673.48231 0.19473
673.0843 0.19394
672.68631 0.19325
672.28925 0.19255
671.89265 0.19186
671.49607 0.19101
671.1004 0.18998
670.70521 0.18895
670.31003 0.18793
669.91576 0.18696
669.52195 0.18606
669.12817 0.18517
668.73529 0.18427
668.34287 0.18342
667.95047 0.18263
667.55897 0.18184
667.16749 0.18105
666.77691 0.18021
666.38678 0.17932
665.99667 0.17842
665.60746 0.17752
665.21871 0.17663
664.82996 0.17572
664.44211 0.17482
664.05472 0.17391
663.66733 0.17296
663.28084 0.17189
662.8948 0.17081
662.50876 0.16974
662.12362 0.16873
661.73892 0.16799
661.35423 0.16726
660.97042 0.16652
660.58663 0.16578
660.20371 0.16498
659.82124 0.16418
659.43878 0.16338
659.05719 0.16258
658.67605 0.16165
658.29491 0.1607
657.91465 0.15976
657.53482 0.15881
657.15501 0.15797
656.77606 0.15716
656.39755 0.15635
656.01904 0.15554
655.6414 0.1549
655.2642 0.15436
654.887 0.15383
654.51066 0.1533
654.13475 0.15277
653.75885 0.15224
653.38381 0.1517
653.00877 0.15117
652.63459 0.15064
652.26083 0.1501
651.88708 0.14956
651.51418 0.14903
651.14171 0.14849
650.76924 0.14791
650.39762 0.14733
650.02642 0.14676
649.65523 0.14618
649.28488 0.14554
648.91495 0.14487
648.54502 0.1442
648.17594 0.14353
647.80727 0.14288
647.4386 0.14223
647.07078 0.14158
646.70295 0.14093
646.33595 0.14031
645.96938 0.13984
645.6028 0.13937
645.23705 0.1389
644.87172 0.13844
644.50639 0.13811
644.14188 0.13781
643.77779 0.13752
643.4137 0.13722
643.05043 0.1369
642.68757 0.13656
642.3247 0.13622
641.96266 0.13587
641.60103 0.13551
641.23939 0.13503
640.87857 0.13454
640.51815 0.13405
640.15773 0.13357
639.79813 0.13314
639.43852 0.13274
639.07973 0.13233
638.72133 0.13193
638.36293 0.13154
638.00534 0.13117
637.64815 0.13081
637.29095 0.13044
636.93456 0.13007
636.57857 0.13003
636.22257 0.13003
635.86737 0.13002
635.51257 0.13001
635.15776 0.12983
634.80375 0.12942
634.45013 0.12902
634.09651 0.12862
633.74368 0.12822
633.39085 0.12777
633.0388 0.12731
632.68715 0.12686
632.33549 0.12641
631.98461 0.12595
631.63413 0.12548
631.28364 0.12501
630.93393 0.12454
630.58461 0.12407
630.23529 0.12363
629.88674 0.12318
629.53858 0.12273
629.19041 0.12229
628.84302 0.12184
628.49601 0.1214
628.14899 0.12096
627.80275 0.12052
627.45689 0.12007
627.11101 0.11971
626.76591 0.11935
626.4208 0.119
626.07646 0.11865
625.7325 0.11829
625.38852 0.11794
625.04532 0.11758
624.70249 0.11722
624.35964 0.11687
624.01756 0.11657
623.67586 0.1163
623.33414 0.11603
622.99318 0.11575
622.6526 0.11548
622.312 0.11522
621.97216 0.11496
621.63269 0.11469
621.29321 0.11443
620.95448 0.11411
620.61574 0.1137
620.27775 0.1133
619.94013 0.11289
619.60249 0.11248
619.2656 0.1121
618.92908 0.11172
618.59254 0.11135
618.25675 0.11098
617.92133 0.1106
617.58588 0.11023
617.25118 0.10986
616.91685 0.10948
616.58249 0.10911
616.24888 0.10867
615.91563 0.1081
615.58236 0.10753
615.24983 0.10695
614.91766 0.10638
614.58547 0.10603
614.25401 0.10586
613.92254 0.10569
613.59179 0.10552
613.26141 0.10534
612.93101 0.10514
612.60133 0.10494
612.27201 0.10473
611.94267 0.10452
611.61406 0.10431
611.2858 0.10409
610.95752 0.10386
610.62997 0.10364
610.30277 0.10342
609.97554 0.10319
609.64904 0.10295
609.32288 0.10271
608.99671 0.10247
608.67125 0.10223
608.34577 0.10203
608.02101 0.10192
607.6966 0.1018
607.37216 0.10168
607.04844 0.10157
606.72506 0.10149
606.40166 0.10146
606.07897 0.10144
605.75663 0.10141
605.43426 0.10138
605.1126 0.10127
604.79128 0.10108
604.46993 0.10089
604.1493 0.1007
603.829 0.10051
603.50868 0.10028
603.18906 0.10004
602.86978 0.0998
602.55048 0.09955
602.23187 0.09931
601.91324 0.09913
601.59531 0.09899
601.27772 0.09884
600.96009 0.0987
600.64317 0.09855
600.32658 0.09847
600.00996 0.09841
599.69404 0.09835
599.37844 0.09829
599.06283 0.09823
598.7479 0.09815
598.4333 0.09806
598.11868 0.09797
597.80474 0.09788
597.49113 0.0978
597.1775 0.09769
596.86455 0.09757
596.55157 0.09746
596.23928 0.09734
595.92731 0.09722
595.61532 0.09711
595.304 0.097
594.99301 0.09689
594.682 0.09679
594.37166 0.09668
594.06164 0.09654
593.7516 0.09637
593.44223 0.0962
593.13318 0.09603
592.8241 0.09585
592.5157 0.09566
592.20761 0.09544
591.8995 0.09522
591.59206 0.09499
591.28493 0.09477
590.97778 0.09457
590.67129 0.09442
590.36477 0.09428
590.05892 0.09413
589.75339 0.09399
589.44782 0.09386
589.14292 0.09383
588.83833 0.0938
588.53372 0.09378
588.22976 0.09375
587.92611 0.09372
587.62244 0.09356
587.31942 0.09338
587.01672 0.0932
586.71398 0.09302
586.4119 0.09284
586.11013 0.09258
585.80832 0.09229
585.50718 0.092
585.20599 0.0917
584.90546 0.09141
584.60524 0.09115
584.30498 0.09094
584.00538 0.09073
583.70608 0.09051
583.40675 0.0903
583.10806 0.09009
582.80968 0.08992
582.51126 0.08974
582.21349 0.08957
581.91603 0.08939
581.61853 0.08921
581.32167 0.08898
581.02511 0.08873
580.72852 0.08848
580.43257 0.08823
580.13692 0.08798
579.84124 0.08778
579.54619 0.08761
579.25111 0.08744
578.95666 0.08728
578.66251 0.08711
578.36833 0.08696
578.07478 0.08689
577.78153 0.08683
577.48824 0.08676
577.19558 0.08669
576.90322 0.08662
576.61082 0.08651
576.31905 0.08638
576.02758 0.08625
575.73606 0.08612
575.44518 0.08599
575.15459 0.08586
574.86396 0.08571
574.57395 0.08556
574.28391 0.0854
573.99449 0.08525
573.70536 0.0851
573.4162 0.08499
573.12765 0.08488
572.83939 0.08477
572.5511 0.08466
572.26342 0.08455
571.97603 0.08446
571.68861 0.08439
571.4018 0.08432
571.11527 0.08425
570.82871 0.08418
570.54276 0.08411
570.2571 0.08403
569.9714 0.08395
569.68631 0.08386
569.4015 0.08378
569.11666 0.0837
568.83242 0.08359
568.54814 0.08344
568.26447 0.08329
567.98109 0.08314
567.69766 0.08299
567.41484 0.08283
567.1323 0.08274
566.84972 0.08266
566.56774 0.08259
566.28605 0.08251
566.00431 0.08243
565.72317 0.08236
565.44231 0.08232
565.16142 0.08228
564.88112 0.08224
564.60109 0.0822
564.32103 0.08216
564.04156 0.08213
563.76205 0.08211
563.48314 0.08209
563.2045 0.08207
562.92582 0.08205
562.64773 0.08203
562.36992 0.08199
562.09206 0.08195
561.8148 0.08191
561.5378 0.08187
561.26077 0.08183
560.98433 0.0818
560.70815 0.08187
560.43194 0.08194
560.15631 0.08201
559.88095 0.08208
559.60555 0.08215
559.33073 0.08209
559.05618 0.08186
558.78159 0.08162
558.50758 0.08139
558.23353 0.08116
557.96005 0.08093
557.68685 0.0807
557.4136 0.08048
557.14093 0.08026
556.86853 0.08004
556.59608 0.07981
556.32421 0.07959
556.0526 0.07947
555.78096 0.07936
555.50988 0.07925
555.23907 0.07914
554.96821 0.07903
554.69793 0.07892
554.42791 0.07879
554.15785 0.07866
553.88835 0.07853
553.61881 0.0784
553.34984 0.07827
553.08113 0.07813
552.81238 0.07798
552.54419 0.07782
552.27626 0.07767
552.00829 0.07751
551.74088 0.07736
551.47373 0.07725
551.20654 0.07726
550.9399 0.07727
550.67353 0.07727
550.40711 0.07728
550.14125 0.07729
549.87565 0.07724
549.61 0.07708
549.34491 0.07691
549.08007 0.07674
548.81519 0.07657
548.55087 0.0764
548.2865 0.0762
548.02268 0.07596
547.75912 0.07572
547.49551 0.07547
547.23245 0.07523
546.96965 0.07499
546.7068 0.07464
546.4445 0.0741
546.18246 0.07356
545.92036 0.07302
545.65882 0.07249
545.39753 0.07195
545.13619 0.07141
544.87539 0.07088
544.61485 0.07035
544.35426 0.06982
544.09421 0.06929
543.83412 0.06876
543.57457 0.06846
543.31527 0.06885
543.05592 0.06924
542.79711 0.06962
542.53855 0.07001
542.27994 0.0704
542.02187 0.07074
541.76405 0.07082
541.50618 0.0709
541.24885 0.07098
540.99176 0.07106
540.73462 0.07113
540.47802 0.07121
540.22166 0.07126
539.96526 0.0713
539.70939 0.07134
539.45376 0.07138
539.19808 0.07143
538.94294 0.07147
538.68775 0.07141
538.43308 0.07132
538.17866 0.07123
537.92419 0.07115
537.67025 0.07106
537.41655 0.07097
537.1628 0.071
536.90958 0.07111
536.6566 0.07121
536.40356 0.07132
536.15106 0.07142
535.89879 0.07153
535.64647 0.07158
535.39467 0.07155
535.14312 0.07152
534.89151 0.07149
534.64042 0.07145
534.38929 0.07142
534.13867 0.07139
533.88829 0.07141
533.63786 0.07144
533.38795 0.07146
533.13828 0.07149
532.88855 0.07151
532.63934 0.07153
532.39036 0.07149
532.14134 0.07142
531.89283 0.07136
531.64455 0.07129
531.39622 0.07122
531.1484 0.07116
530.90082 0.07106
530.65318 0.0709
530.40606 0.07074
530.15916 0.07058
529.91222 0.07042
529.66579 0.07026
529.4193 0.07011
529.17333 0.07002
528.92758 0.06993
528.68178 0.06984
528.43649 0.06975
528.19143 0.06966
527.94631 0.06957
527.7017 0.0695
527.45732 0.06943
527.21288 0.06937
526.96895 0.06931
526.72525 0.06924
526.48149 0.06918
526.23824 0.06913
525.99521 0.06932
525.75213 0.06951
525.50955 0.06971
525.26691 0.0699
525.02478 0.07009
524.78287 0.07028
524.54091 0.07039
524.29944 0.07041
524.0582 0.07043
523.81691 0.07045
523.57611 0.07047
523.33553 0.07049
523.0949 0.07052
522.85477 0.06998
522.61485 0.06944
522.37488 0.06889
522.13541 0.06835
521.89615 0.0678
521.65684 0.06726
521.41803 0.0668
521.17943 0.0665
520.94078 0.0662
520.70262 0.0659
520.4644 0.0656
520.22667 0.0653
519.98916 0.065
519.7516 0.06472
519.51452 0.06445
519.27766 0.06419
519.04075 0.06392
518.80432 0.06365
518.56811 0.06338
518.33184 0.06312
518.09606 0.06294
517.86049 0.06277
517.62487 0.06259
517.38973 0.06242
517.1548 0.06224
516.91982 0.06207
516.68532 0.06184
516.45076 0.0615
516.21669 0.06117
515.98283 0.06084
515.74891 0.0605
515.51547 0.06017
515.28224 0.05983
515.04896 0.05943
514.81615 0.05898
514.58356 0.05853
514.3509 0.05808
514.11873 0.05763
513.88676 0.05718
513.65474 0.05673
513.42319 0.05627
513.19185 0.05582
512.96046 0.05536
512.72954 0.05491
512.49882 0.05445
512.26805 0.054
512.03775 0.05354
511.8074 0.05304
511.57751 0.05254
511.34783 0.05204
511.1181 0.05154
510.88883 0.05104
510.65977 0.05054
510.43065 0.05003
510.202 0.04942
509.97355 0.04881
509.74505 0.04821
509.51701 0.0476
509.28918 0.047
509.06129 0.04639
508.83386 0.04579
508.60664 0.04526
508.37936 0.04473
508.15255 0.0442
507.92567 0.04366
507.69926 0.04313
507.47305 0.0426
507.24678 0.04211
507.02097 0.04182
506.79537 0.04154
506.5697 0.04125
506.3445 0.04097
506.11949 0.04068
505.89443 0.04039
505.66982 0.04011
505.44542 0.03986
505.22095 0.0396
504.99694 0.03935
504.77313 0.03909
504.54927 0.03884
504.32586 0.03858
504.10264 0.03831
503.87937 0.03787
503.65655 0.03743
503.43367 0.037
503.21124 0.03656
502.98901 0.03612
502.76673 0.03568
502.54489 0.03524
502.32325 0.03453
502.10155 0.03381
501.88029 0.0331
501.65924 0.03238
501.43812 0.03167
501.21746 0.03095
500.99698 0.03023
500.77645 0.02977
500.55637 0.02936
500.33648 0.02895
500.11653 0.02854
