he2022
30
pe
39993.60102 6.41E-4
38969.64265 6.41E-4
37998.25208 6.41E-4
37072.73671 6.41E-4
36192.54434 6.41E-4
35351.92845 6.41E-4
34550.66856 6.41E-4
33783.78378 6.41E-4
33050.20326 6.41E-4
32348.85 6.41E-4
31675.64143 6.41E-4
31030.84466 6.41E-4
30410.85059 6.41E-4
29816.03506 6.41E-4
29243.18634 6.41E-4
28691.9347 6.41E-4
28161.87445 6.41E-4
27650.27927 6.41E-4
27157.67748 6.41E-4
26681.60837 6.41E-4
26222.63013 6.41E-4
25778.51103 6.41E-4
25349.18502 6.41E-4
24934.54681 6.41E-4
24532.65296 6.41E-4
24144.09194 6.41E-4
23767.08259 6.41E-4
23402.21385 6.41E-4
23047.84733 6.41E-4
22704.56816 6.41E-4
22370.86419 6.41E-4
22046.82746 6.41E-4
21732.51619 6.41E-4
21426.58182 6.41E-4
21129.58776 6.41E-4
20840.28009 6.41E-4
20559.21053 6.41E-4
20285.21005 6.41E-4
20018.41694 6.41E-4
19758.94092 6.41E-4
19505.72493 6.41E-4
19259.28779 6.41E-4
19018.63827 6.41E-4
18784.28131 6.41E-4
18555.28547 6.41E-4
18331.80568 6.41E-4
18113.97312 6.41E-4
17900.93622 6.41E-4
17693.16513 6.41E-4
17489.85588 6.41E-4
17291.46493 6.41E-4
17097.23196 6.41E-4
16907.3141 6.41E-4
16721.84877 6.41E-4
16540.13464 6.41E-4
16362.59511 6.41E-4
16188.5644 6.41E-4
16018.45326 6.41E-4
15851.62875 6.41E-4
15688.24323 6.41E-4
15528.43256 6.41E-4
15371.60864 6.41E-4
15218.15221 6.41E-4
15067.50241 6.41E-4
14920.02865 6.41E-4
14775.1954 6.41E-4
14633.147 6.41E-4
14494.01397 6.41E-4
14357.29566 6.41E-4
14223.3348 6.41E-4
14091.65211 6.41E-4
13962.58028 6.41E-4
13835.66003 6.41E-4
13711.02641 6.41E-4
13588.80283 6.41E-4
13468.55765 6.41E-4
13350.60011 6.41E-4
13234.51562 6.41E-4
13120.6046 6.41E-4
13008.46851 6.41E-4
12898.23294 6.41E-4
12790.01356 6.41E-4
12683.43417 6.41E-4
12578.77458 6.41E-4
12475.67244 6.41E-4
12374.39984 6.41E-4
12274.60752 6.41E-4
12176.56012 6.41E-4
12079.92076 6.41E-4
11984.80327 6.41E-4
11891.3134 6.41E-4
11799.13158 6.41E-4
11708.50506 6.41E-4
11619.12508 6.41E-4
11531.23234 6.41E-4
11444.52837 6.41E-4
11359.11853 6.41E-4
11275.10119 6.41E-4
11192.19233 6.41E-4
11110.61731 6.41E-4
11030.10115 6.41E-4
10950.86348 6.41E-4
10872.63792 6.41E-4
10795.52202 6.41E-4
10719.60723 6.41E-4
10644.63936 6.41E-4
10570.82452 6.41E-4
10497.91616 6.41E-4
10426.11533 6.41E-4
10355.18277 6.41E-4
10285.20884 6.41E-4
10216.27862 6.41E-4
10148.16318 6.41E-4
10081.05166 6.41E-4
10014.72164 6.41E-4
9949.35777 6.41E-4
9884.74389 6.41E-4
9820.96383 6.41E-4
9758.09678 6.41E-4
9695.93546 6.41E-4
9634.65392 6.41E-4
9574.05049 6.41E-4
9514.29523 6.41E-4
9455.19185 6.41E-4
9396.81824 6.41E-4
9339.24819 6.41E-4
9282.2931 6.41E-4
9226.11359 6.41E-4
9170.52593 6.41E-4
9115.68719 6.41E-4
9061.41829 6.41E-4
9007.79174 6.41E-4
8954.87638 6.41E-4
8902.49982 6.41E-4
8850.81073 6.41E-4
8799.64097 6.41E-4
8749.13602 6.41E-4
8699.13183 6.41E-4
8649.77078 6.41E-4
8600.89277 6.41E-4
8552.56406 6.41E-4
8504.84776 6.41E-4
8457.58942 6.41E-4
8410.92411 6.41E-4
8364.70096 6.41E-4
8319.05229 6.41E-4
8273.8307 6.41E-4
8229.09809 6.41E-4
8184.91357 6.41E-4
8141.13471 6.41E-4
8097.88726 6.41E-4
8055.03198 6.41E-4
8012.6921 6.41E-4
7970.73147 6.41E-4
7929.20803 6.41E-4
7888.1772 6.41E-4
7847.50724 6.41E-4
7807.31545 6.41E-4
7767.47293 6.41E-4
7728.09472 6.41E-4
7689.05463 6.41E-4
7650.407 6.41E-4
7612.20389 6.41E-4
7574.32304 6.41E-4
7536.87416 6.41E-4
7499.73751 6.41E-4
7463.02073 6.41E-4
7426.60656 6.41E-4
7390.54601 6.41E-4
7354.88806 6.41E-4
7319.51896 6.41E-4
7284.54147 6.41E-4
7249.84413 6.41E-4
7215.52782 6.41E-4
7181.48326 6.41E-4
7147.75846 6.41E-4
7114.39954 6.41E-4
7081.30041 6.41E-4
7048.55751 6.41E-4
7016.06679 6.41E-4
6983.92301 6.41E-4
6952.02408 6.41E-4
6920.41522 6.41E-4
6889.13996 6.41E-4
6858.09907 6.41E-4
6827.38327 6.41E-4
6796.89518 6.41E-4
6766.72396 6.41E-4
6736.77403 6.41E-4
6707.13304 6.41E-4
6677.70714 6.41E-4
6648.53832 6.41E-4
6619.66703 6.41E-4
6591.00196 6.41E-4
6562.62715 6.41E-4
6534.4529 6.41E-4
6506.56187 6.41E-4
6478.86594 6.41E-4
6451.40479 6.41E-4
6424.21673 6.41E-4
6397.21593 6.41E-4
6370.48174 6.41E-4
6343.92981 6.41E-4
6317.63821 6.41E-4
6291.52406 6.41E-4
6265.6249 6.41E-4
6239.97704 6.41E-4
6214.49967 6.41E-4
6189.26781 6.41E-4
6164.20201 6.41E-4
6139.37612 6.41E-4
6114.712 6.41E-4
6090.24525 6.41E-4
6066.01032 6.41E-4
6041.931 6.41E-4
6018.07831 6.41E-4
5994.37727 6.41E-4
5970.89784 6.41E-4
5947.56626 6.41E-4
5924.4163 6.41E-4
5901.48068 6.41E-4
5878.68741 6.41E-4
5856.10382 6.41E-4
5833.65905 6.41E-4
5811.41944 6.41E-4
5789.31524 6.41E-4
5767.37855 6.41E-4
5745.6405 6.41E-4
5724.03292 6.41E-4
5702.61978 6.41E-4
5681.33398 6.41E-4
5660.23852 6.41E-4
5639.26735 6.41E-4
5618.45099 6.41E-4
5597.81909 6.41E-4
5577.30705 6.41E-4
5556.97567 6.41E-4
5536.76133 6.41E-4
5516.72395 6.41E-4
5496.80086 6.41E-4
5477.02116 6.41E-4
5457.41308 6.41E-4
5437.91532 6.41E-4
5418.58575 6.41E-4
5399.36395 6.41E-4
5380.307 6.41E-4
5361.35535 6.41E-4
5342.56529 6.41E-4
5323.87813 6.41E-4
5305.32124 6.41E-4
5286.92121 6.41E-4
5268.62062 6.41E-4
5250.47386 6.41E-4
5232.42429 6.41E-4
5214.52558 6.41E-4
5196.72191 6.41E-4
5179.03939 6.41E-4
5161.50344 6.41E-4
5144.05938 6.41E-4
5126.75912 6.41E-4
5109.54872 6.41E-4
5092.47943 6.41E-4
5075.49803 6.41E-4
5058.62952 6.41E-4
5041.89817 6.41E-4
5025.25189 6.41E-4
5008.74025 6.41E-4
4992.31184 6.41E-4
4976.0156 6.41E-4
4959.80081 6.41E-4
4943.69136 6.41E-4
4927.71049 6.41E-4
4911.80848 6.41E-4
4896.03274 6.41E-4
4880.33421 6.41E-4
4864.75968 6.41E-4
4849.26073 6.41E-4
4833.86022 6.41E-4
4818.58045 6.41E-4
4803.37389 6.41E-4
4788.28594 6.41E-4
4773.26969 6.41E-4
4758.36997 6.41E-4
4743.54048 6.41E-4
4728.80314 6.41E-4
4714.17931 6.41E-4
4699.62356 6.41E-4
4685.17937 6.41E-4
4670.80188 6.41E-4
4656.53405 6.41E-4
4642.33156 6.41E-4
4628.21545 6.41E-4
4614.20622 6.41E-4
4600.26037 6.41E-4
4586.41961 6.41E-4
4572.64097 6.41E-4
4558.96566 6.41E-4
4545.35124 6.41E-4
4531.83843 6.41E-4
4518.38531 6.41E-4
4505.01183 6.41E-4
4491.73745 6.41E-4
4478.52101 6.41E-4
4465.40206 6.41E-4
4452.33993 6.41E-4
4439.37369 4.92923E-4
4426.46317 1.17917E-4
4413.62752 -2.57089E-4
4400.88546 -6.32094E-4
4388.1975 -6.33635E-4
4375.60165 -6.19911E-4
4363.05885 -6.00282E-4
4350.60669 -0.00109
4338.20659 -0.00129
4325.87696 -0.00102
4313.63583 -0.00123
4301.44529 -0.00107
4289.34184 -3.48673E-4
4277.28803 -3.71825E-4
4265.31996 -8.88299E-4
4253.40059 2.70254E-5
4241.54766 -7.42563E-4
4229.77849 -1.63933E-4
4218.05666 3.12352E-4
4206.41731 3.07734E-5
4194.82443 4.49076E-4
4183.31277 9.49536E-5
4171.84671 -2.63897E-4
4160.44334 4.31878E-4
4149.11935 8.40313E-4
4137.83972 4.43285E-5
4126.63828 2.84479E-4
4115.48038 5.29406E-4
4104.39951 9.59129E-4
4093.36139 8.8177E-4
4082.38248 0.00138
4071.47888 8.49847E-4
4060.61689 0.00144
4049.8291 0.00141
4039.08216 0.00196
4028.40834 0.00178
4017.77463 0.00125
4007.19693 0.0017
3996.69074 0.00167
3986.22361 0.00187
3975.82697 0.00171
3965.4687 0.00194
3955.1799 0.00215
3944.92879 0.00228
3934.74617 0.00279
3924.60057 0.00202
3914.50716 0.00248
3904.48078 0.00291
3894.49046 0.00305
3884.56623 0.00328
3874.67743 0.00298
3864.85379 0.00318
3855.06498 0.00359
3845.32562 0.00369
3835.65007 0.00349
3826.00844 0.00389
3816.42973 0.00409
3806.88437 0.00401
3797.40106 0.00434
3787.95053 0.0048
3778.54692 0.00488
3769.20409 0.00547
3759.89322 0.00557
3750.6423 0.00564
3741.42279 0.00593
3732.26242 0.00626
3723.13294 0.00684
3714.04802 0.00697
3705.02104 0.00809
3696.02419 0.00814
3687.08451 0.00778
3678.17445 0.01052
3669.32081 0.01292
3660.49629 0.01364
3651.71411 0.01295
3642.98725 0.0132
3634.28879 0.01474
3625.64491 0.01594
3617.02897 0.01838
3608.46691 0.02
3599.93232 0.02252
3591.43801 0.02572
3582.99653 0.02817
3574.58186 0.03212
3566.21934 0.03629
3557.8832 0.04041
3549.59854 0.04532
3541.33983 0.051
3533.11946 0.05753
3524.94959 0.06446
3516.80505 0.07256
3508.71037 0.08158
3500.64062 0.09184
3492.62009 0.10362
3484.6241 0.11612
3476.66463 0.13062
3468.75347 0.14612
3460.86625 0.16283
3453.02675 0.18029
3445.21081 0.19735
3437.44199 0.21505
3429.69637 0.2326
3421.99728 0.24937
3414.32103 0.26552
3406.67914 0.28169
3399.08293 0.29693
3391.50902 0.31073
3383.98024 0.32413
3376.47341 0.33594
3369.01116 0.34813
3361.57053 0.36042
3354.16268 0.37254
3346.79862 0.38413
3339.45567 0.398
3332.15597 0.41122
3324.87706 0.42365
3317.64089 0.43597
3310.42519 0.4488
3303.24081 0.45894
3296.09841 0.46887
3288.97601 0.47606
3281.8951 0.48116
3274.83388 0.48452
3267.81367 0.48417
3260.81286 0.48217
3253.84197 0.47812
3246.91138 0.47112
3239.99974 0.46358
3233.12792 0.45466
3226.27478 0.44376
3219.461 0.43307
3212.66561 0.42064
3205.89885 0.40769
3199.17077 0.39394
3192.46068 0.3798
3185.78883 0.36515
3179.1347 0.34888
3172.51838 0.33304
3165.91951 0.31587
3159.34804 0.2986
3152.81373 0.28094
3146.29649 0.26282
3139.81601 0.24443
3133.35234 0.22654
3126.92501 0.20899
3120.51426 0.1908
3114.12974 0.17363
3107.78095 0.15663
3101.44838 0.14019
3095.15114 0.12437
3088.86988 0.11007
3082.62356 0.09637
3076.39299 0.08346
3070.19698 0.07261
3064.0165 0.06227
3057.86084 0.05381
3051.73919 0.04636
3045.63271 0.0405
3039.55987 0.03465
3033.502 0.03026
3027.47738 0.02634
3021.46753 0.02274
3015.48148 0.01995
3009.52817 0.01761
3003.58929 0.01551
2997.68279 0.01331
2991.79053 0.01207
2985.9303 0.01076
2980.0841 0.00952
2974.26075 0.00837
2968.46892 0.00747
2962.69083 0.00645
2956.94394 0.00558
2951.21059 0.00535
2945.5081 0.00442
2939.81897 0.00402
2934.15177 0.00383
2928.51495 0.00314
2922.89121 0.00322
2917.29753 0.00284
2911.71675 0.0025
2906.16572 0.00235
2900.62741 0.00246
2895.11016 0.00214
2889.62221 0.00227
2884.14671 0.00208
2878.70021 0.00186
2873.26598 0.00175
2867.86046 0.00194
2862.46705 0.0016
2857.09388 0.0019
2851.74898 0.00138
2846.41594 0.00169
2841.11087 0.00164
2835.81751 0.00169
2830.55184 0.00147
2825.29772 0.00154
2820.06306 0.00164
2814.85568 0.00182
2809.65961 0.00188
2804.49055 0.00134
2799.33264 0.00146
2794.20147 0.00176
2789.0813 0.00141
2783.97987 0.00183
2778.90478 0.0018
2773.84047 0.0019
2768.80224 0.0018
2763.77465 0.00202
2758.7729 0.00195
2753.78163 0.00188
2748.81595 0.00172
2743.86061 0.00199
2738.92311 0.00186
2734.01082 0.00166
2729.10867 0.00192
2724.23149 0.00186
2719.36432 0.00209
2714.52188 0.00217
2709.68931 0.00235
2704.87391 0.00232
2700.08289 0.00218
2695.30155 0.00237
2690.54435 0.0024
2685.7967 0.00252
2681.07297 0.00249
2676.35865 0.00241
2671.66089 0.00265
2666.98671 0.00279
2662.32176 0.00297
2657.68016 0.00277
2653.04769 0.00312
2648.43835 0.00295
2643.83801 0.00314
2639.25362 0.00323
2634.69204 0.00325
2630.13929 0.00341
2625.60914 0.00337
2621.0877 0.00363
2616.58865 0.00369
2612.09819 0.00384
2607.62313 0.00402
2603.17014 0.00398
2598.72558 0.00419
2594.30291 0.00411
2589.88856 0.00434
2585.49589 0.00437
2581.11143 0.0047
2576.74181 0.00449
2572.39359 0.00488
2568.05342 0.00491
2563.73444 0.00501
2559.42341 0.00499
2555.13339 0.00523
2550.85122 0.0054
2546.58338 0.00548
2542.33625 0.00568
2538.09683 0.00577
2533.87795 0.00595
2529.66667 0.00603
2525.47574 0.00599
2521.29231 0.00607
2517.12906 0.0063
2512.97322 0.00647
2508.83109 0.00634
2504.70885 0.00669
2500.59389 0.00689
2496.49866 0.00681
2492.41061 0.007
2488.34212 0.00738
2484.28071 0.00729
2480.23255 0.00752
2476.20368 0.00782
2472.18177 0.00795
2468.179 0.00825
2464.1831 0.00824
2460.20617 0.00814
2456.23601 0.00789
2452.27866 0.00846
2448.34003 0.00851
2444.40805 0.00845
2440.49464 0.00895
2436.5878 0.00889
2432.69937 0.00893
2428.81743 0.00908
2424.94786 0.00906
2421.09647 0.00926
2417.25144 0.00936
2413.42443 0.00964
2409.60372 0.0096
2405.80087 0.00982
2402.00423 0.01022
2398.21956 0.00989
2394.45253 0.01021
2390.6916 0.01042
2386.94817 0.01021
2383.21076 0.01034
2379.49069 0.01046
2375.77658 0.01037
2372.07405 0.01037
2368.38864 0.01
2364.70908 0.01004
2361.04651 0.00991
2357.38971 0.01045
2353.74976 0.0115
2350.11551 0.01386
2346.49246 0.01478
2342.88606 0.01574
2339.28525 0.01329
2335.70096 0.01188
2332.12218 0.01223
2328.55979 0.01247
2325.00285 0.01258
2321.46215 0.01263
2317.92685 0.01322
2314.40229 0.01353
2310.89378 0.01362
2307.39057 0.01399
2303.90327 0.01437
2300.42121 0.01469
2296.95493 0.01489
2293.49382 0.01491
2290.04312 0.0155
2286.60802 0.01578
2283.178 0.01584
2279.76345 0.01611
2276.35392 0.01624
2272.95973 0.01676
2269.57051 0.01689
2266.19137 0.01729
2262.8274 0.01739
2259.4683 0.01763
2256.12425 0.01796
2252.78501 0.01829
2249.46069 0.0184
2246.14113 0.0185
2242.83135 0.01894
2239.53633 0.01902
2236.24597 0.01941
2232.97025 0.01937
2229.69915 0.01987
2226.44257 0.01977
2223.19055 0.01938
2219.94801 0.01935
2216.71983 0.01986
2213.49613 0.02014
2210.28667 0.01992
2207.08164 0.01974
2203.89075 0.01999
2200.70423 0.0198
2197.5269 0.01977
2194.36356 0.01944
2191.20451 0.01939
2188.05932 0.01899
2184.91838 0.01902
2181.79121 0.01887
2178.66822 0.01864
2175.55417 0.01807
2172.45372 0.01809
2169.35739 0.01781
2166.27457 0.01753
2163.19582 0.01709
2160.13047 0.01674
2157.06915 0.01645
2154.01649 0.01631
2150.97708 0.01561
2147.94163 0.0155
2144.91933 0.01513
2141.90094 0.01478
2138.8956 0.01426
2135.89413 0.01411
2132.90561 0.01367
2129.92092 0.01329
2126.94456 0.01309
2123.98102 0.01288
2121.02123 0.01262
2118.07416 0.01175
2115.1308 0.01176
2112.20007 0.01147
2109.273 0.01145
2106.35403 0.01107
2103.44755 0.01083
2100.54467 0.01035
2097.65419 0.01046
2094.76727 0.00975
2091.89266 0.0097
2089.02156 0.00949
2086.15834 0.00929
2083.30729 0.00919
2080.4597 0.00875
2077.6242 0.0087
2074.79211 0.00804
2071.97202 0.0082
2069.15531 0.00782
2066.34625 0.00787
2063.54906 0.00749
2060.75518 0.00737
2057.9731 0.00701
2055.1943 0.00687
2052.4272 0.00666
2049.66334 0.00637
2046.90692 0.00653
2044.16208 0.00636
2041.42042 0.00617
2038.69026 0.00592
2035.96325 0.0057
2033.24767 0.00529
2030.53519 0.00526
2027.82994 0.00501
2025.13599 0.00509
2022.4451 0.00495
2019.76542 0.00476
2017.08878 0.00467
2014.42327 0.00451
2011.76075 0.00458
2009.10527 0.0044
2006.4608 0.00441
2003.81928 0.00428
2001.18871 0.00399
1998.56104 0.0037
1995.94424 0.00359
1993.33032 0.00372
1990.72719 0.00366
1988.12691 0.0038
1985.5334 0.00377
1982.95059 0.0036
1980.37057 0.00355
1977.80116 0.00317
1975.23451 0.00333
1972.6784 0.00322
1970.12502 0.00273
1967.57825 0.00301
1965.0419 0.00292
1962.50824 0.00298
1959.98495 0.00261
1957.4643 0.0031
1954.95395 0.00303
1952.44622 0.00259
1949.94491 0.00249
1947.4538 0.00267
1944.96526 0.00265
1942.48685 0.00257
1940.01098 0.00249
1937.54517 0.00236
1935.08187 0.00266
1932.62483 0.00261
1930.17775 0.00229
1927.73314 0.00258
1925.29842 0.00261
1922.86615 0.00282
1920.4437 0.0024
1918.02367 0.00269
1915.60973 0.00275
1913.20552 0.00252
1910.80368 0.00291
1908.41151 0.00241
1906.02169 0.00276
1903.64148 0.00304
1901.26358 0.00261
1898.89162 0.00286
1896.52916 0.0029
1894.16899 0.00282
1891.81826 0.00257
1889.4698 0.0024
1887.13071 0.00278
1884.79386 0.00288
1882.46279 0.0029
1880.14101 0.00286
1877.82143 0.00299
1875.51108 0.00321
1873.2029 0.00341
1870.90389 0.00308
1868.60703 0.00335
1866.3158 0.00338
1864.03366 0.00336
1861.75362 0.00322
1859.48262 0.00341
1857.2137 0.00377
1854.95375 0.00369
1852.69586 0.00348
1850.44688 0.00368
1848.19995 0.0038
1845.95846 0.00394
1843.7258 0.00398
1841.49515 0.00399
1839.27327 0.00435
1837.05337 0.00434
1834.84219 0.00425
1832.63296 0.00422
1830.42905 0.0045
1828.23378 0.00485
1826.04043 0.00474
1823.85567 0.00473
1821.67281 0.00507
1819.49847 0.00473
1817.32602 0.00515
1815.15875 0.0053
1812.99993 0.0051
1810.84297 0.00572
1808.69439 0.00602
1806.54765 0.00611
1804.40925 0.00594
1802.27267 0.00616
1800.14113 0.00678
1798.01787 0.00688
1795.89638 0.00689
1793.78311 0.00735
1791.67159 0.0074
1789.56825 0.00763
1787.46664 0.00779
1785.36996 0.00811
1783.28138 0.00833
1781.1945 0.00869
1779.11567 0.00912
1777.03853 0.00958
1774.96938 0.01003
1772.9019 0.01057
1770.83924 0.01048
1768.78449 0.01101
1766.73139 0.01159
1764.68616 0.01187
1762.64255 0.01269
1760.60678 0.0132
1758.5726 0.01384
1756.54312 0.01427
1754.5214 0.015
1752.50126 0.01572
1750.48882 0.01665
1748.47795 0.01718
1746.47474 0.01819
1744.47307 0.01915
1742.47902 0.02026
1740.4865 0.02128
1738.49853 0.02228
1736.51811 0.02351
1734.53918 0.02459
1732.56777 0.02599
1730.59784 0.02756
1728.63536 0.02874
1726.67436 0.03026
1724.71779 0.03155
1722.76863 0.03316
1720.8209 0.035
1718.88053 0.03645
1716.94158 0.0381
1715.00994 0.03967
1713.07971 0.04133
1711.15381 0.04272
1709.23517 0.04403
1707.31791 0.04534
1705.40785 0.04689
1703.49916 0.0481
1701.59763 0.0495
1699.69745 0.05093
1697.80152 0.05217
1695.91268 0.05339
1694.02517 0.0542
1692.14473 0.05516
1690.26559 0.05635
1688.39348 0.05722
1686.52266 0.05826
1684.65598 0.05887
1682.79627 0.05984
1680.93783 0.05986
1679.08631 0.0607
1677.23605 0.06124
1675.39267 0.06139
1673.55054 0.06175
1671.71245 0.06226
1669.88119 0.06259
1668.05115 0.06285
1666.22789 0.0628
1664.40585 0.06319
1662.59055 0.06317
1660.77645 0.06301
1658.9663 0.06315
1657.16284 0.06306
1655.36055 0.06331
1653.56492 0.06363
1651.77045 0.0632
1649.98259 0.06288
1648.19588 0.06267
1646.41575 0.06243
1644.63676 0.06187
1642.8616 0.06101
1641.09297 0.06029
1639.32545 0.05948
1637.56442 0.05893
1635.80449 0.0581
1634.05101 0.05699
1632.29862 0.05659
1630.54998 0.05611
1628.80775 0.05554
1627.06658 0.05479
1625.33177 0.05438
1623.59802 0.05392
1621.8706 0.0533
1620.14423 0.05301
1618.42152 0.05262
1616.70509 0.0519
1614.98969 0.05203
1613.28053 0.05185
1611.57238 0.05108
1609.87044 0.05098
1608.1695 0.05057
1606.47216 0.05035
1604.78096 0.05022
1603.09076 0.04957
1601.40668 0.04975
1599.72357 0.04975
1598.04655 0.04895
1596.37049 0.04895
1594.69795 0.0487
1593.03144 0.04866
1591.36589 0.04839
1589.70633 0.04845
1588.04772 0.04805
1586.39508 0.04764
1584.74336 0.04739
1583.09508 0.04703
1581.45272 0.04702
1579.81128 0.04702
1578.17572 0.04681
1576.54107 0.04696
1574.91228 0.04637
1573.28437 0.046
1571.65983 0.04581
1570.0411 0.04588
1568.42325 0.04535
1566.81118 0.04507
1565.19997 0.04491
1563.59452 0.0445
1561.98991 0.04471
1560.3886 0.04438
1558.793 0.04399
1557.19823 0.04372
1555.60914 0.04337
1554.02087 0.04367
1552.43826 0.04167
1550.85646 0.04158
1549.28028 0.04148
1547.70491 0.04141
1546.13274 0.04132
1544.56614 0.04123
1543.00033 0.04115
1541.44007 0.04106
1539.8806 0.04096
1538.32664 0.04088
1536.77345 0.0408
1535.2234 0.04072
1533.67882 0.04064
1532.135 0.04055
1530.59663 0.04046
1529.059 0.04037
1527.5268 0.04028
1525.99533 0.04021
1524.46693 0.04013
1522.94391 0.04005
1521.42162 0.03996
1519.90467 0.03978
1518.38844 0.0396
1516.87754 0.03943
1515.36734 0.03926
1513.86015 0.0391
1512.35824 0.03893
1510.85702 0.03877
1509.36106 0.03862
1507.86578 0.03847
1506.37574 0.03829
1504.88637 0.03813
1503.39994 0.03796
1501.9187 0.03781
1500.43813 0.03766
1498.96272 0.03751
1497.48796 0.03735
1496.01835 0.0372
1494.54938 0.03704
1493.08329 0.0369
1491.6223 0.03675
1490.16195 0.03661
1488.70667 0.03647
1487.25202 0.03633
1485.80242 0.0362
1484.35343 0.03606
1482.90727 0.03593
1481.46612 0.0358
1480.02557 0.03566
1478.59002 0.03553
1477.15506 0.0354
1475.72506 0.03526
1474.29566 0.03512
1472.87119 0.03499
1471.4473 0.03488
1470.02617 0.03476
1468.60993 0.03464
1467.19427 0.03452
1465.78348 0.03438
1464.37326 0.03426
1462.96789 0.03414
1461.56308 0.03403
1460.16097 0.03392
1458.76367 0.03381
1457.36692 0.03367
1455.97496 0.03354
1454.58354 0.03342
1453.19689 0.0333
1451.81077 0.03319
1450.4273 0.03306
1449.04855 0.03292
1447.67034 0.0328
1446.29683 0.0327
1444.92384 0.03258
1443.55554 0.03246
1442.18774 0.03234
1440.82254 0.0322
1439.46199 0.03206
1438.10194 0.03192
1436.74652 0.03179
1435.39159 0.03167
1434.04127 0.03156
1432.69144 0.03144
1431.34415 0.03129
1430.00143 0.03117
1428.65919 0.03104
1427.3215 0.03091
1425.98429 0.03076
1424.6516 0.0306
1423.31938 0.03045
1421.98965 0.03029
1420.66442 0.03011
1419.33964 0.02992
1418.01934 0.02972
1416.69949 0.02952
1415.38409 0.02928
1414.06914 0.02903
1412.75663 0.02878
1411.44854 0.02853
1410.14089 0.02827
1408.83764 0.02802
1407.53482 0.02783
1406.23638 0.02771
1404.93836 0.02764
1403.6447 0.02763
1402.35146 0.02766
1401.0606 0.02767
1399.77408 0.02764
1398.48795 0.02759
1397.20615 0.02752
1395.92474 0.02745
1394.64762 0.02741
1393.3709 0.02738
1392.09651 0.02733
1390.82639 0.02728
1389.55665 0.02725
1388.29115 0.02723
1387.02604 0.02722
1385.76514 0.02718
1384.50462 0.02713
1383.2464 0.02707
1381.99236 0.02698
1380.7387 0.02686
1379.4892 0.02669
1378.24007 0.02657
1376.99509 0.02652
1375.75047 0.02644
1374.5081 0.02616
1373.26985 0.02574
1372.03195 0.02542
1370.79816 0.02523
1369.56471 0.02522
1368.33535 0.02518
1367.10633 0.02519
1365.87951 0.02515
1364.65675 0.02501
1363.43433 0.02489
1362.21594 0.02481
1360.99788 0.02478
1359.78385 0.02486
1358.57013 0.02497
1357.35858 0.02507
1356.15103 0.02508
1354.94378 0.02503
1353.74052 0.02492
1352.53756 0.02475
1351.33857 0.02454
1350.13987 0.02436
1348.94331 0.02421
1347.75067 0.02408
1346.55833 0.02395
1345.36991 0.02384
1344.18178 0.02372
1342.99754 0.02355
1341.8136 0.0234
1340.63173 0.02325
1339.45374 0.0231
1338.27603 0.02295
1337.10218 0.0228
1335.9286 0.02268
1334.75886 0.02258
1333.58938 0.02246
1332.42373 0.02233
1331.25835 0.02224
1330.095 0.02224
1328.93544 0.02219
1327.77615 0.02204
1326.62063 0.02193
1325.46537 0.02203
1324.31387 0.02226
1323.16262 0.02242
1322.01337 0.02242
1320.86786 0.02227
1319.72259 0.02215
1318.58105 0.022
1317.43974 0.0219
1316.30214 0.0219
1315.16477 0.02191
1314.02937 0.0219
1312.89764 0.02185
1311.76615 0.02169
1310.63832 0.02151
1309.51071 0.02131
1308.38676 0.02114
1307.26302 0.02097
1306.14121 0.0208
1305.02303 0.02065
1303.90507 0.02051
1302.79071 0.02037
1301.67656 0.02021
1300.56601 0.02007
1299.45566 0.01993
1298.3472 0.01978
1297.24232 0.01964
1296.13764 0.01951
1295.03651 0.01938
1293.93558 0.01924
1292.83819 0.01908
1291.741 0.01892
1290.64566 0.01877
1289.55384 0.01862
1288.46221 0.01846
1287.37408 0.01832
1286.28613 0.01819
1285.20167 0.01807
1284.11739 0.01793
1283.03494 0.01779
1281.95596 0.01765
1280.87714 0.01751
1279.80178 0.01736
1278.72659 0.01723
1277.65484 0.01708
1276.58325 0.01692
1275.51508 0.01677
1274.44708 0.01666
1273.38086 0.01656
1272.31805 0.01642
1271.25539 0.01626
1270.19612 0.0161
1269.137 0.01595
1268.08125 0.01582
1267.02566 0.01571
1265.97182 0.01561
1264.92133 0.01551
1263.87098 0.01542
1262.82398 0.01533
1261.77711 0.01525
1260.73357 0.01517
1259.69017 0.01507
1258.64849 0.01498
1257.61011 0.01492
1256.57187 0.01481
1255.53692 0.01457
1254.50209 0.01416
1253.47055 0.01384
1252.43913 0.01374
1251.4094 0.01362
1250.38293 0.01349
1249.35658 0.01339
1248.33347 0.0133
1247.31049 0.0132
1246.29073 0.01308
1245.27108 0.01297
1244.25311 0.01284
1243.23834 0.01271
1242.22368 0.01257
1241.21222 0.01244
1240.20086 0.01232
1239.19269 0.01221
1238.18462 0.0121
1237.17819 0.012
1236.17493 0.0119
1235.17176 0.0118
1234.17175 0.01171
1233.17183 0.01161
1232.17505 0.01147
1231.17836 0.01134
1230.18329 0.01125
1229.19133 0.01117
1228.19946 0.01109
1227.2107 0.01099
1226.22202 0.01087
1225.23644 0.01074
1224.25094 0.0106
1223.26703 0.01047
1222.28619 0.01034
1221.30543 0.01018
1220.32773 0.01002
1219.35011 0.00987
1218.37554 0.00972
1217.40104 0.00958
1216.42958 0.0094
1215.4582 0.00927
1214.48836 0.0093
1213.52154 0.0095
1212.55479 0.0096
1211.59105 0.00949
1210.62737 0.00939
1209.66669 0.00929
1208.70607 0.00918
1207.74697 0.00905
1206.79085 0.00894
1205.83479 0.00884
1204.8817 0.00874
1203.92866 0.00864
1202.97857 0.00855
1202.02854 0.00842
1201.08001 0.00831
1200.13442 0.0082
1199.18887 0.00808
1198.24625 0.00798
1197.30367 0.00787
1196.36401 0.00775
1195.42439 0.00764
1194.48625 0.00754
1193.55101 0.00744
1192.6158 0.00735
1191.68348 0.00723
1190.7512 0.00713
1189.82179 0.00704
1188.89242 0.00694
1187.96449 0.00684
1187.03943 0.00676
1186.1144 0.00666
1185.19221 0.00657
1184.27005 0.00648
1183.35073 0.00639
1182.43143 0.00631
1181.51357 0.00624
1180.59852 0.00616
1179.68349 0.00607
1178.77127 0.00596
1177.85908 0.00583
1176.94968 0.00572
1176.0403 0.00561
1175.13232 0.0055
1174.22712 0.00537
1173.32194 0.00525
1172.41953 0.00514
1171.51714 0.00505
1170.6175 0.00497
1169.71788 0.00491
1168.821 0.00483
1167.92413 0.00474
1167.02864 0.00466
1166.13588 0.00458
1165.24313 0.00452
1164.3531 0.00449
1163.46307 0.00445
1162.57576 0.00438
1161.68844 0.0043
1160.80249 0.00421
1159.91922 0.00412
1159.03596 0.00403
1158.15538 0.00396
1157.2748 0.00392
1156.3969 0.00385
1155.51899 0.00379
1154.64241 0.00373
1153.7685 0.00365
1152.89457 0.00356
1152.0233 0.00349
1151.15202 0.00342
1150.28337 0.00333
1149.41472 0.00325
1148.54737 0.00317
1147.68266 0.00312
1146.81792 0.00307
1145.95581 0.00301
1145.09367 0.00293
1144.23415 0.00285
1143.3746 0.00279
1142.51635 0.00274
1141.66068 0.00271
1140.805 0.00264
1139.95189 0.00255
1139.09877 0.00247
1138.24821 0.00242
1137.39763 0.00235
1136.54833 0.00226
1135.70157 0.00217
1134.8548 0.00208
1134.01056 0.00198
1133.1663 0.00189
1132.32458 0.0018
1131.48283 0.00171
1130.64233 0.00164
1129.80435 0.00156
1128.96634 0.00147
1128.13085 0.00138
1127.29531 0.00131
1126.46229 0.00126
1125.62923 0.00123
1124.79866 0.0012
1123.96806 0.00116
1123.13868 0.00109
1122.31178 9.98404E-4
1121.48485 9.21145E-4
1120.66038 8.36833E-4
1119.83588 7.79737E-4
1119.01384 7.36978E-4
1118.19175 6.9448E-4
1117.37087 6.50691E-4
1116.55244 6.06148E-4
1115.73397 5.65124E-4
1114.91794 4.99027E-4
1114.10186 4.16832E-4
1113.28821 3.14393E-4
1112.47451 2.01466E-4
1111.662 1.06588E-4
1110.85191 2.44151E-6
1110.04177 -1.00729E-4
1109.23404 -1.97558E-4
1108.42626 -2.93412E-4
1107.62087 -3.76095E-4
1106.81544 -4.32727E-4
1106.01117 -4.68378E-4
1105.20929 -5.16584E-4
1104.40736 -5.8317E-4
1103.6078 -6.75761E-4
1102.80819 -7.48775E-4
1102.01095 -8.00316E-4
1101.21365 -8.531E-4
1100.4175 -9.24849E-4
1099.62371 -9.96253E-4
1098.82986 -0.00106
1098.03835 -0.00111
1097.24679 -0.00116
1096.45756 -0.00125
1095.66828 -0.00136
1094.88012 -0.00146
1094.0943 -0.00157
1093.30841 -0.0017
1092.52484 -0.00184
1091.7412 -0.00195
1090.95987 -0.00201
1090.17847 -0.00208
1089.39819 -0.00216
1088.62022 -0.0022
1087.84217 -0.00224
1087.06641 -0.00229
1086.29058 -0.00236
1085.51703 -0.00242
1084.74341 -0.00248
1083.97089 -0.00255
1083.20064 -0.00262
1082.43032 -0.00266
1081.66226 -0.00269
1080.89412 -0.00272
1080.12823 -0.00275
1079.36227 -0.00279
1078.59856 -0.00281
1077.83476 -0.00282
1077.07204 -0.00284
1076.31157 -0.00287
1075.551 -0.00292
1074.79267 -0.00297
1074.03426 -0.00304
1073.27806 -0.00487
1072.52178 -0.00386
1071.76656 -0.00438
1071.01355 -0.00463
1070.26046 -0.00454
1069.50957 -0.00455
1068.75858 -0.00435
1068.0098 -0.00442
1067.26092 -0.00463
1066.51309 -0.00498
1065.76744 -0.00578
1065.02171 -0.00555
1064.27814 -0.00585
1063.53449 -0.00627
1062.793 -0.00561
1062.05142 -0.00567
1061.31087 -0.00492
1060.57248 -0.00469
1059.83399 -0.006
1059.09765 -0.00711
1058.36121 -0.00763
1057.62692 -0.00757
1056.89252 -0.00727
1056.15915 -0.00837
1055.42791 -0.00787
1054.69656 -0.00658
1053.96734 -0.0051
1053.23802 -0.00463
1052.51082 -0.00611
1051.78351 -0.00706
1051.05721 -0.00734
1050.33301 -0.00793
1049.60871 -0.008
1048.8865 -0.00862
1048.16419 -0.00939
1047.44397 -0.00848
1046.72365 -0.00846
1046.00432 -0.00818
1045.28706 -0.00781
1044.5697 -0.00861
1043.85441 -0.00874
1043.13901 -0.0091
1042.42568 -0.00961
1041.71224 -0.00871
1041.00086 -0.00887
1040.28937 -0.00935
1039.57885 -0.00989
1038.87037 -0.01073
1038.16179 -0.00988
1037.45525 -0.0092
1036.74859 -0.01017
1036.04397 -0.01073
1035.33923 -0.01121
1034.63546 -0.01121
1033.9337 -0.00994
1033.23184 -0.01064
1032.53199 -0.0112
1031.83202 -0.01133
1031.13406 -0.01163
1030.43599 -0.01122
1029.73886 -0.01105
1029.04373 -0.01174
1028.34848 -0.01091
1027.65523 -0.01109
1026.96186 -0.01196
1026.27047 -0.01251
1025.57896 -0.01314
1024.88839 -0.01301
1024.19979 -0.01167
1023.51107 -0.01332
1022.82432 -0.01297
1022.13745 -0.01161
1021.45255 -0.01182
1020.76752 -0.01216
1020.0834 -0.01277
1019.40124 -0.01376
1018.71896 -0.01186
1018.03863 -0.01142
1017.35817 -0.01211
1016.67965 -0.01174
1016.001 -0.01161
1015.32326 -0.01139
1014.64745 -0.01073
1013.97151 -0.01013
1013.2975 -0.00928
1012.62336 -0.00814
1011.95114 -0.0117
1011.27879 -0.01404
1010.60733 -0.01517
1009.93779 -0.01448
1009.26811 -0.01321
1008.60034 -0.01226
1007.93243 -0.01304
1007.26642 -0.01259
1006.60028 -0.01236
1005.93603 -0.01307
1005.27164 -0.01263
1004.60814 -0.01314
1003.94651 -0.01489
1003.28475 -0.01321
1002.62487 -0.01246
1001.96485 -0.01241
1001.30671 -0.01118
1000.64842 -0.01126
999.991 -0.01193
999.33544 -0.01119
998.67975 -0.01159
998.0259 -0.01206
997.37192 -0.01077
996.7198 -0.01049
996.06753 -0.01038
995.41611 -0.00964
994.76653 -0.01021
994.11682 -0.01084
993.46894 -0.01066
992.82091 -0.01231
992.17472 -0.01334
991.52838 -0.01192
990.88289 -0.0112
990.23921 -0.01015
989.59539 -0.00804
988.95339 -0.00851
988.31124 -0.00888
987.6709 -0.00778
987.03042 -0.0085
986.39077 -0.00896
985.75291 -0.00792
985.11491 -0.00856
984.47871 -0.00885
983.84236 -0.00717
983.20779 -0.00725
982.57308 -0.00743
981.93919 -0.00626
981.30708 -0.00576
980.67482 -0.00537
980.04434 -0.00439
979.4137 -0.0054
978.78484 -0.00697
978.15582 -0.00596
977.52762 -0.0046
976.90117 -0.00278
976.27458 0.00199
975.64973 0.00329
975.02474 0.00148
974.4015 4.72763E-4
973.7781 -4.39279E-4
973.15551 -0.00125
972.53465 4.31132E-4
971.91364 0.00174
971.29437 0.00166
970.67494 0.00246
970.05724 0.00325
969.43939 0.00303
968.82327 0.00489
968.20699 0.00752
967.59149 0.00719
966.97771 0.0075
966.36378 0.00839
965.75155 0.00821
965.13917 0.00895
964.5285 0.01131
963.91767 0.01251
963.30761 0.01342
962.69925 0.01435
962.09074 0.01415
961.48392 0.01343
960.87693 0.01518
960.27164 0.01592
959.66619 0.01547
959.0615 0.01712
958.45849 0.01861
957.85532 0.01873
957.25383 0.02053
956.65218 0.02317
956.05219 0.02565
955.45205 0.02669
954.85266 0.02602
954.25493 0.02458
953.65704 0.02404
953.0608 0.02692
952.46441 0.02772
951.86966 0.02724
951.27476 0.03022
950.68059 0.03333
950.08807 0.03668
949.49539 0.04042
948.90435 0.04354
948.31314 0.04117
947.72357 0.0387
947.13383 0.03612
946.54483 0.03714
945.95745 0.03896
945.36991 0.0414
944.78399 0.04267
944.1979 0.04304
943.61344 0.04549
943.0288 0.04774
942.44489 0.04899
941.86259 0.05022
941.28012 0.05144
940.69926 0.0517
940.11823 0.05239
939.5388 0.05414
938.9592 0.05568
938.3812 0.05711
937.80303 0.05794
937.22557 0.05855
936.6497 0.05875
936.07366 0.05966
935.4992 0.06099
934.92457 0.05803
934.35153 0.05746
933.77831 0.0637
933.2058 0.06817
932.63485 0.07141
932.06374 0.07228
931.49419 0.07336
930.92447 0.07607
930.35632 0.07816
929.78799 0.07967
929.22036 0.08027
928.65428 0.08083
928.08803 0.08253
927.52333 0.08469
926.95845 0.0875
926.39513 0.08894
925.83163 0.08981
925.26881 0.09107
924.70754 0.09239
924.14609 0.09386
923.58617 0.09512
923.02609 0.09621
922.46753 0.09836
921.90879 0.10053
921.35074 0.10124
920.7942 0.10177
920.23749 0.10204
919.6823 0.10307
919.12694 0.10452
918.57309 0.10789
918.01906 0.1113
917.4657 0.11408
916.91385 0.11592
916.36182 0.11649
915.8113 0.11709
915.2606 0.11771
914.71139 0.11833
914.16202 0.1187
913.61329 0.11783
913.06607 0.11897
912.51866 0.12297
911.97274 0.12648
911.42665 0.12973
910.88203 0.13097
910.33724 0.13207
909.7931 0.13417
909.25044 0.13613
908.7076 0.13781
908.16623 0.13897
907.62468 0.13972
907.0846 0.14083
906.54434 0.14204
906.00555 0.14498
905.46657 0.14781
904.92824 0.15013
904.39136 0.15188
903.85431 0.15283
903.3187 0.15432
902.78292 0.15614
902.24858 0.15822
901.71407 0.16038
901.18019 0.16364
900.64775 0.16705
900.11512 0.17103
899.58394 0.17214
899.05258 0.16875
898.52265 0.16737
897.99254 0.16747
897.46305 0.17011
896.93499 0.17358
896.40675 0.17422
895.87994 0.1748
895.35294 0.17679
894.82736 0.17884
894.3016 0.18103
893.77646 0.18289
893.25273 0.1843
892.72881 0.18632
892.20631 0.18875
891.68362 0.19036
891.16234 0.19168
890.64088 0.19277
890.12002 0.19388
889.60057 0.19579
889.08093 0.19766
888.56269 0.19935
888.04426 0.20087
887.52722 0.20204
887.01 0.20358
886.49339 0.20554
885.97816 0.20698
885.46274 0.20809
884.9487 0.20873
884.43448 0.20921
883.92164 0.21094
883.40861 0.21287
882.89618 0.2149
882.38512 0.21688
881.87388 0.21835
881.364 0.21974
880.85394 0.22076
880.34524 0.22205
879.83635 0.22394
879.32883 0.2263
878.82111 0.22934
878.31399 0.23129
877.80822 0.23222
877.30226 0.23354
876.79765 0.2351
876.29286 0.23648
875.78941 0.23776
875.28578 0.23847
874.78273 0.23901
874.28101 0.23986
873.77911 0.24075
873.27855 0.24171
872.7778 0.24268
872.27838 0.24405
871.77878 0.24554
871.27974 0.2482
870.78204 0.25067
870.28415 0.25208
869.78758 0.25338
869.29082 0.25422
868.79539 0.25519
868.29976 0.25652
867.80471 0.25793
867.31096 0.25949
866.81703 0.26124
866.32441 0.26331
865.8316 0.26459
865.3401 0.26478
864.84841 0.2649
864.35728 0.26495
863.86745 0.26608
863.37743 0.26832
862.88871 0.27043
862.3998 0.27242
861.91219 0.27394
861.42438 0.27507
860.93713 0.27645
860.45117 0.27804
859.96502 0.27923
859.48015 0.28013
858.9951 0.28198
858.51132 0.28445
858.02736 0.28619
857.54394 0.28746
857.0618 0.28751
856.57947 0.28677
856.09842 0.2879
855.61717 0.29022
855.13719 0.29234
854.65703 0.29431
854.17813 0.29513
853.69904 0.29516
853.22048 0.29598
852.74319 0.29737
852.26571 0.29874
851.78948 0.30009
851.31307 0.30248
850.83791 0.30578
850.36255 0.30808
849.88773 0.30943
849.41416 0.30955
848.9404 0.30834
848.46788 0.3079
847.99517 0.30845
847.52371 0.30947
847.05205 0.31119
846.58091 0.31252
846.11102 0.31315
845.64093 0.31406
845.17208 0.31561
844.70304 0.31717
844.23522 0.31873
843.76722 0.32015
843.29973 0.32091
842.83347 0.32159
842.36702 0.32176
841.90179 0.32197
841.43637 0.32289
840.97216 0.32381
840.50777 0.32489
840.04388 0.32598
839.58122 0.328
839.11836 0.33012
838.65671 0.3309
838.19486 0.33138
837.73423 0.33168
837.2734 0.33192
836.81308 0.33253
836.35397 0.33335
835.89465 0.33434
835.43654 0.33547
834.97824 0.3365
834.52114 0.33741
834.06383 0.33848
833.60703 0.33987
833.15143 0.34111
832.69563 0.34178
832.24102 0.3425
831.78621 0.34378
831.33259 0.34506
830.87878 0.3459
830.42546 0.34672
829.97332 0.34805
829.52099 0.34948
829.06984 0.35004
828.61849 0.35025
828.16832 0.35088
827.71796 0.35183
827.26876 0.35264
826.81937 0.35326
826.37047 0.35415
825.92274 0.35571
825.47481 0.35719
825.02805 0.35817
824.58109 0.35914
824.1353 0.36047
823.6893 0.3618
823.24379 0.3618
822.79944 0.36146
822.3549 0.36122
821.9115 0.36103
821.46791 0.36089
821.02548 0.36079
820.58284 0.3612
820.14069 0.36286
819.69968 0.36441
819.25847 0.36499
818.81841 0.36557
818.37815 0.36663
817.93904 0.36773
817.49973 0.36814
817.06088 0.36828
816.62318 0.36904
816.18528 0.37038
815.74851 0.37146
815.31155 0.37201
814.87572 0.37253
814.43969 0.37283
814.00413 0.37313
813.56969 0.37282
813.13506 0.37245
812.70155 0.37305
812.26784 0.37413
811.83526 0.37503
811.40248 0.37572
810.97016 0.37657
810.53895 0.37797
810.10755 0.37938
809.67726 0.37925
809.24678 0.37911
808.8174 0.38031
808.38783 0.38198
807.95872 0.38287
807.53071 0.38297
807.1025 0.38322
806.6754 0.38391
806.2481 0.38461
805.8219 0.38412
805.39551 0.38362
804.97021 0.38366
804.54471 0.38389
804.11967 0.38403
803.69571 0.38403
803.27156 0.38431
802.84851 0.38579
802.42525 0.38727
802.00308 0.38809
801.58072 0.38884
801.1588 0.38934
800.73796 0.38969
800.31693 0.3896
799.89697 0.38863
799.47682 0.38774
799.05775 0.38903
798.63848 0.39033
798.21965 0.39025
797.8019 0.38969
797.38394 0.3899
796.96706 0.39112
796.54998 0.39216
796.13397 0.39188
795.71777 0.39159
795.30199 0.39245
794.88728 0.3936
794.47238 0.39445
794.05854 0.39497
793.64449 0.3954
793.23151 0.39538
792.81833 0.39536
792.40558 0.39463
791.99389 0.39373
791.582 0.39362
791.17116 0.39438
790.76013 0.39498
790.35014 0.39442
789.93996 0.39387
789.5302 0.39445
789.12149 0.39536
788.71258 0.39572
788.30471 0.39531
787.89665 0.39496
787.48962 0.39559
787.0824 0.39621
786.6756 0.39593
786.26984 0.39523
785.86388 0.395
785.45896 0.39579
785.05383 0.39657
784.64974 0.39645
784.24545 0.39626
783.84158 0.39646
783.43873 0.39701
783.03569 0.3974
782.63367 0.39698
782.23146 0.39656
781.83026 0.39696
781.42887 0.39763
781.02851 0.39752
780.62794 0.39595
780.22778 0.39439
779.82864 0.39515
779.4293 0.39605
779.03098 0.39665
778.63246 0.39698
778.23495 0.39727
777.83724 0.39727
777.43994 0.39727
777.04364 0.39674
776.64715 0.39596
776.25167 0.39571
775.85598 0.39719
775.4613 0.39867
775.06642 0.39851
774.67195 0.39793
774.27847 0.39755
773.88479 0.39754
773.49212 0.39753
773.09924 0.3973
772.70736 0.39704
772.31528 0.39706
771.9236 0.39744
771.5329 0.39782
771.14202 0.39681
770.75212 0.39577
770.36202 0.39533
769.9729 0.39549
769.58359 0.39563
769.19468 0.39527
768.80674 0.39491
768.41861 0.39511
768.03146 0.39577
767.64411 0.39649
767.25774 0.39803
766.87117 0.39957
766.48498 0.40171
766.09978 0.40431
765.71437 0.40642
765.32994 0.40103
764.94531 0.39563
764.56165 0.3927
764.17779 0.39176
763.79432 0.39088
763.41181 0.39162
763.0291 0.39235
762.64736 0.39287
762.26542 0.39318
761.88444 0.3935
761.50327 0.39251
761.12305 0.39151
760.74264 0.39115
760.3626 0.39155
759.98352 0.39195
759.60425 0.39162
759.22592 0.39122
758.8474 0.3916
758.46983 0.39331
758.09206 0.39502
757.71467 0.3944
757.33823 0.39327
756.96159 0.39217
756.58589 0.3912
756.21 0.39023
755.83505 0.38893
755.4599 0.38749
755.08512 0.38317
754.71129 0.38299
754.33725 0.38281
753.96416 0.38264
753.59086 0.38245
753.2185 0.38224
752.84595 0.38202
752.47376 0.38186
752.1025 0.38176
751.73105 0.38168
751.36053 0.38158
750.9898 0.38145
750.62001 0.38131
750.25002 0.38116
749.88039 0.38099
749.51169 0.38079
749.14279 0.38057
748.77482 0.38035
748.40664 0.38014
748.03939 0.37995
747.67194 0.37974
747.30485 0.37935
746.93867 0.37893
746.5723 0.37849
746.20684 0.37804
745.84119 0.37758
745.47645 0.3771
745.11151 0.37657
744.74693 0.37605
744.38326 0.37556
744.01939 0.37513
743.65642 0.37473
743.29326 0.37433
742.93101 0.37391
742.56856 0.37349
742.20701 0.37308
741.84527 0.37268
741.48387 0.37224
741.12338 0.37176
740.76269 0.37126
740.4029 0.37077
740.04291 0.37028
739.68381 0.36978
739.32452 0.36925
738.96558 0.3687
738.60753 0.36819
738.24929 0.3677
737.89193 0.36725
737.53438 0.36677
737.17772 0.36626
736.82085 0.36574
736.46434 0.36522
736.10871 0.36471
735.75288 0.36418
735.39794 0.36362
735.0428 0.36305
734.68854 0.36251
734.33408 0.36201
733.97997 0.36151
733.62674 0.36098
733.2733 0.36042
732.92075 0.35986
732.568 0.35934
732.21612 0.35885
731.86404 0.35837
731.51231 0.3579
731.16144 0.35743
730.81038 0.35697
730.46019 0.3565
730.1098 0.35599
729.76028 0.35541
729.41056 0.35474
729.06118 0.35407
728.71266 0.35342
728.36395 0.35279
728.0161 0.35216
727.66805 0.35153
727.32086 0.35092
726.97348 0.35035
726.62643 0.3498
726.28023 0.34926
725.93384 0.34868
725.58831 0.34807
725.24258 0.34745
724.8977 0.34684
724.55262 0.34623
724.20788 0.34558
723.86399 0.34491
723.5199 0.34422
723.17665 0.34352
722.83322 0.3428
722.49063 0.34208
722.14784 0.34137
721.8059 0.34066
721.46376 0.33998
721.12195 0.33933
720.78098 0.33868
720.43981 0.33802
720.09949 0.33732
719.75897 0.33661
719.41928 0.33591
719.07941 0.33524
718.73985 0.33456
718.40113 0.33389
718.06221 0.3332
717.72413 0.33252
717.38585 0.33187
717.0484 0.33131
716.71076 0.33087
716.37343 0.3305
716.03694 0.33011
715.70024 0.32969
715.36438 0.32924
715.02832 0.32872
714.69309 0.3281
714.35766 0.32741
714.02255 0.32668
713.68826 0.32592
713.35377 0.32509
713.0201 0.3242
712.68624 0.32324
712.3532 0.32231
712.01997 0.32149
711.68704 0.3208
711.35493 0.3201
711.02263 0.31934
710.69114 0.31849
710.35946 0.31774
710.02859 0.31715
709.69752 0.31671
709.36676 0.31664
709.03682 0.317
708.70667 0.31779
708.37734 0.31847
708.04781 0.31886
707.71909 0.31895
707.39018 0.31885
707.06157 0.31861
706.73376 0.31822
706.40576 0.31778
706.07856 0.31731
705.75117 0.31683
705.42457 0.3163
705.09779 0.31573
704.7718 0.31511
704.44562 0.31445
704.11973 0.31377
703.79465 0.31304
703.46937 0.31219
703.14489 0.31122
702.82021 0.31018
702.49632 0.30919
702.17224 0.30827
701.84846 0.30742
701.52547 0.30667
701.20228 0.30602
700.87988 0.30545
700.55729 0.3049
700.23549 0.30436
699.91349 0.30386
699.59179 0.30341
699.27087 0.30301
698.94976 0.30257
698.62943 0.30203
698.30891 0.30138
697.98916 0.30074
697.66923 0.30015
697.34958 0.29964
697.03072 0.29903
696.71166 0.29825
696.39338 0.2973
696.0749 0.29598
695.7572 0.29422
695.43931 0.29199
695.12171 0.28986
694.80487 0.28801
694.48785 0.28646
694.1716 0.2851
693.85515 0.28389
693.53947 0.28284
693.2236 0.28185
692.90802 0.2809
692.5932 0.27996
692.27819 0.27905
691.96395 0.27816
691.64951 0.27728
691.33583 0.27639
691.02197 0.27549
690.70838 0.27461
690.39556 0.27377
690.08255 0.27298
689.77029 0.27217
689.45784 0.27129
689.14615 0.27034
688.83427 0.26936
688.52315 0.26843
688.21183 0.26753
687.90079 0.2667
687.5905 0.26607
687.28003 0.26564
686.9703 0.26539
686.66039 0.26506
686.35122 0.26465
686.04186 0.26418
685.73278 0.26367
685.42445 0.26313
685.11593 0.26257
684.80815 0.262
684.50018 0.26141
684.19295 0.26082
683.88554 0.26021
683.5784 0.25959
683.272 0.25896
682.96541 0.25833
682.65956 0.25771
682.35352 0.25711
682.04822 0.25652
681.74273 0.25592
681.43751 0.2553
681.13302 0.25467
680.82835 0.25401
680.52441 0.25334
680.22028 0.25264
679.91689 0.25195
679.6133 0.25127
679.30998 0.25061
679.0074 0.24998
678.70462 0.24939
678.40258 0.24884
678.10034 0.2483
677.79883 0.24777
677.49714 0.24725
677.19571 0.2468
676.895 0.24641
676.59411 0.24608
676.29394 0.24576
675.99358 0.24536
675.69394 0.24489
675.39411 0.24431
675.09455 0.24354
674.79571 0.24257
674.49667 0.24145
674.19836 0.24041
673.89986 0.23943
673.60207 0.23851
673.3041 0.23762
673.00639 0.23677
672.70939 0.23595
672.4122 0.23516
672.11573 0.23439
671.81907 0.23365
671.52312 0.23293
671.22698 0.23223
670.93155 0.23154
670.63594 0.23085
670.34058 0.23016
670.04593 0.22945
669.75109 0.22874
669.45696 0.22804
669.16264 0.22734
668.86903 0.22666
668.57523 0.22599
668.28168 0.22534
667.98884 0.22468
667.69581 0.22401
667.40348 0.22333
667.11096 0.22266
666.81915 0.22199
666.52714 0.22134
666.23539 0.2207
665.94434 0.22008
665.6531 0.21949
665.36256 0.2189
665.07182 0.21829
664.78179 0.21768
664.49156 0.21706
664.20159 0.21646
663.91232 0.21586
663.62285 0.21528
663.33408 0.2147
663.04511 0.21409
662.75684 0.21345
662.46838 0.21277
662.18018 0.21209
661.89266 0.21144
661.60495 0.2108
661.31793 0.21019
661.03072 0.20962
660.7442 0.20908
660.45749 0.20856
660.17102 0.20795
659.88525 0.20724
659.59928 0.20644
659.314 0.20561
659.02853 0.20476
658.74374 0.20391
658.45876 0.20307
658.17403 0.20232
657.88998 0.20165
657.60574 0.20108
657.32217 0.20054
657.03843 0.20002
656.75535 0.19952
656.47209 0.19904
656.18951 0.1986
655.90674 0.19818
655.62421 0.19779
655.34235 0.19735
655.06031 0.19687
654.77894 0.19634
654.49738 0.19576
654.21649 0.19514
653.93542 0.19447
653.65458 0.19378
653.37442 0.19301
653.09407 0.19215
652.81438 0.19122
652.53451 0.19023
652.2553 0.18924
651.97591 0.18824
651.69676 0.18725
651.41827 0.18645
651.13959 0.18587
650.86158 0.18549
650.58338 0.18523
650.30584 0.185
650.02811 0.18479
649.75063 0.18458
649.4738 0.18432
649.19678 0.18398
648.92042 0.1836
648.64388 0.18327
648.36799 0.18302
648.09192 0.18283
647.81608 0.18265
647.5409 0.18246
647.26553 0.18227
646.99081 0.18204
646.71591 0.18172
646.44166 0.18133
646.16723 0.18088
645.89302 0.18042
645.61947 0.17994
645.34573 0.17943
645.07264 0.17889
644.79937 0.17832
644.52674 0.17773
644.25393 0.17711
643.98135 0.17651
643.70941 0.17593
643.43729 0.1754
643.16582 0.1749
642.89416 0.17441
642.62314 0.17393
642.35193 0.17346
642.08096 0.17309
641.81062 0.17282
641.54011 0.17265
641.27023 0.17253
641.00017 0.17242
640.73074 0.17232
640.46113 0.17221
640.19216 0.17192
639.923 0.17143
639.65408 0.17075
639.38578 0.16993
639.1173 0.16907
638.84946 0.16818
638.58143 0.16729
638.31403 0.16644
638.04645 0.16564
637.7791 0.16493
637.51238 0.1643
637.24547 0.16375
636.97919 0.16328
636.71273 0.16283
636.4469 0.16243
636.18088 0.16206
635.91508 0.16172
635.64992 0.1614
635.38457 0.16108
635.11984 0.16074
634.85493 0.16038
634.59065 0.16001
634.32618 0.15964
634.06193 0.15926
633.79831 0.1589
633.5345 0.15855
633.27131 0.15822
633.00795 0.15791
632.7452 0.15757
632.48227 0.1572
632.21955 0.15679
631.95746 0.15637
631.69518 0.15595
631.43352 0.15553
631.17168 0.15513
630.91045 0.15477
630.64904 0.15449
630.38785 0.15429
630.12727 0.15417
629.86651 0.15403
629.60636 0.15386
629.34603 0.15368
629.08631 0.15348
628.82641 0.15328
628.56672 0.15309
628.30765 0.1529
628.04839 0.15273
627.78974 0.15255
627.53091 0.15237
627.27269 0.1522
627.01428 0.15198
626.75649 0.15169
626.49851 0.15132
626.24074 0.15088
625.98358 0.15042
625.72623 0.14993
625.46949 0.14943
625.21257 0.14891
624.95625 0.14834
624.69975 0.14774
624.44346 0.14709
624.18778 0.14641
623.93191 0.1457
623.67664 0.14494
623.42119 0.14415
623.16633 0.14333
622.9113 0.14255
622.65648 0.14181
622.40225 0.14112
622.14784 0.1405
621.89403 0.13998
621.64004 0.13955
621.38664 0.13919
621.13306 0.13887
620.87969 0.13856
620.62691 0.13826
620.37395 0.13793
620.12158 0.13753
619.86903 0.13706
619.61708 0.13651
619.36494 0.13599
619.11301 0.1355
618.86167 0.13504
618.61014 0.13459
618.35921 0.13416
618.10809 0.13373
617.85757 0.13331
617.60686 0.13289
617.35636 0.13245
617.10644 0.132
616.85634 0.13156
616.60682 0.13112
616.35713 0.13072
616.10802 0.13034
615.85873 0.12999
615.60964 0.12965
615.36114 0.12932
615.11245 0.12899
614.86435 0.12866
614.61606 0.12835
614.36836 0.12808
614.12047 0.12785
613.87317 0.12765
613.62568 0.12752
613.3784 0.12744
613.13169 0.12745
612.8848 0.1275
612.63849 0.12753
612.392 0.12755
612.14608 0.12755
611.89999 0.12752
611.65409 0.12745
611.40877 0.12733
611.16326 0.12714
610.91833 0.12691
610.67322 0.12665
610.42869 0.12636
610.18397 0.12603
609.93945 0.12569
609.6955 0.12533
609.45137 0.12495
609.20781 0.12454
608.96407 0.12412
608.7209 0.12367
608.47755 0.12322
608.2344 0.12277
607.99181 0.12234
607.74904 0.12191
607.50684 0.1215
607.26446 0.12111
607.02264 0.12073
606.78065 0.12035
606.53885 0.11997
606.29761 0.11958
606.0562 0.11918
605.81534 0.11876
605.57431 0.11833
605.33384 0.1179
605.09319 0.11748
604.85273 0.11708
604.61283 0.11668
604.37276 0.11628
604.13324 0.11588
603.89354 0.11547
603.6544 0.11505
603.41509 0.11462
603.17596 0.11414
602.93739 0.11363
602.69864 0.11308
602.46045 0.11259
602.22208 0.11216
601.98426 0.11181
601.74627 0.11152
601.50846 0.11127
601.27121 0.11105
601.03378 0.11087
600.7969 0.11073
600.55984 0.11058
600.32333 0.11038
600.08665 0.11015
599.85052 0.10987
599.61421 0.10958
599.37809 0.10932
599.14251 0.10908
598.90676 0.10886
598.67155 0.10867
598.43617 0.10847
598.20133 0.10827
597.96632 0.10807
597.73149 0.10786
597.4972 0.10762
597.26274 0.10734
597.02883 0.10704
596.79473 0.1067
596.56118 0.10631
596.32746 0.10587
596.09392 0.10536
595.86091 0.1048
595.62774 0.10434
595.3951 0.10403
595.16228 0.10387
594.93001 0.10385
594.69756 0.10399
594.46529 0.10428
594.23356 0.10472
594.00165 0.10531
593.77028 0.10599
593.53874 0.10659
593.30773 0.10713
593.07654 0.10759
592.84554 0.1079
592.61507 0.10809
592.38442 0.10816
592.15431 0.10812
591.92403 0.108
591.69427 0.10784
591.46434 0.10765
591.23459 0.10742
591.00537 0.10722
590.77598 0.10705
590.54711 0.1069
590.31808 0.10678
590.08956 0.10665
589.86088 0.10651
589.63238 0.10639
589.4044 0.10627
589.17624 0.10616
588.94861 0.10607
588.72082 0.10599
588.49354 0.10593
588.26609 0.10589
588.03917 0.10588
587.81207 0.10587
587.58515 0.10584
587.35875 0.10577
587.13218 0.10572
586.90612 0.1057
586.6799 0.10574
586.4542 0.10583
586.22832 0.10581
586.00262 0.10563
585.77744 0.10533
585.55209 0.10489
585.32725 0.10433
585.10224 0.10364
584.87775 0.10282
584.65309 0.10186
584.4286 0.10086
584.20463 0.09996
583.98048 0.09916
583.75685 0.09848
583.53305 0.09791
583.30976 0.09738
583.0863 0.09691
582.86301 0.09647
582.64023 0.09607
582.41729 0.09568
582.19485 0.0953
581.97225 0.09491
581.75015 0.09451
581.52788 0.09413
581.30579 0.09376
581.0842 0.09342
580.86244 0.09312
580.64119 0.09283
580.41977 0.09254
580.19886 0.09225
579.97778 0.09193
579.75686 0.09158
579.53645 0.09121
579.31587 0.0908
579.0958 0.09036
578.87556 0.0899
578.65582 0.08946
578.43591 0.08907
578.21617 0.08872
577.99693 0.08842
577.77752 0.08818
577.55861 0.08796
577.33954 0.08777
577.12096 0.08759
576.90222 0.08743
576.68364 0.08726
576.46556 0.08708
576.24732 0.08688
576.02957 0.08666
575.81165 0.08641
575.59423 0.08613
575.37664 0.08583
575.15955 0.08548
574.94229 0.08506
574.7252 0.08457
574.50859 0.084
574.29183 0.08335
574.07555 0.08273
573.85911 0.08216
573.64316 0.08165
573.42705 0.0812
573.21109 0.08081
572.99563 0.0805
572.78 0.08029
572.56487 0.08016
572.34956 0.08013
572.13475 0.08011
571.91977 0.0801
571.70495 0.08008
571.49062 0.08006
571.27612 0.08004
571.06211 0.08002
570.84794 0.08003
570.63425 0.08006
570.42039 0.0801
570.2067 0.08015
569.99349 0.08018
569.78012 0.0802
569.56723 0.0802
569.35417 0.0802
569.1416 0.08017
568.92886 0.08013
568.71628 0.08007
568.50419 0.07999
568.29192 0.0799
568.08014 0.07982
567.8682 0.07973
567.65674 0.07965
567.44511 0.07957
567.23364 0.07951
567.02264 0.07946
566.81149 0.07943
566.60081 0.07942
566.38997 0.07944
566.1796 0.07949
565.96907 0.07958
565.7587 0.07971
565.5488 0.07988
565.33874 0.07999
565.12916 0.08003
564.91941 0.08001
564.71013 0.07992
564.5007 0.07976
564.29173 0.07953
564.0826 0.07924
563.87363 0.07888
563.66513 0.07846
563.45647 0.07804
563.24828 0.07763
563.03992 0.07722
562.83204 0.07683
562.62399 0.07645
562.41609 0.07608
562.20867 0.07572
562.00108 0.07538
561.79397 0.07504
561.58668 0.07474
561.37987 0.07447
561.1729 0.07423
560.96607 0.07404
560.75972 0.07388
560.5532 0.07375
560.34715 0.0736
560.14093 0.07345
559.93518 0.07329
559.72927 0.07312
559.52351 0.07293
559.31821 0.07271
559.11276 0.07248
558.90776 0.07223
558.7026 0.07196
558.49791 0.0717
558.29305 0.07145
558.08835 0.07123
557.8841 0.07104
557.6797 0.07089
557.47575 0.07077
557.27164 0.0707
557.068 0.07067
556.86419 0.07068
556.66053 0.0707
556.45733 0.07073
556.25396 0.07075
556.05106 0.07077
555.84799 0.07077
555.64538 0.07075
555.44262 0.07071
555.23999 0.07065
555.03783 0.07058
554.8355 0.0705
554.63363 0.07042
554.4316 0.07035
554.23002 0.07028
554.02828 0.07022
553.827 0.07017
553.62556 0.07011
553.42426 0.07004
553.22341 0.06994
553.02241 0.06981
552.82185 0.06967
552.62114 0.06949
552.42087 0.06926
552.22045 0.06899
552.02017 0.0687
551.82034 0.0684
551.62036 0.06811
551.42082 0.06783
551.22112 0.06757
551.02187 0.06732
550.82246 0.06708
550.6232 0.06687
550.42438 0.06668
550.2254 0.0665
550.02687 0.0663
549.82818 0.06609
549.62993 0.06586
549.43153 0.06563
549.23327 0.06538
549.03545 0.06513
548.83748 0.06487
548.63995 0.0646
548.44226 0.06432
548.24501 0.06406
548.04761 0.06382
547.85034 0.0636
547.65352 0.06339
547.45654 0.06318
547.26001 0.06297
547.06331 0.06276
546.86705 0.06254
546.67064 0.06234
546.47437 0.06215
546.27853 0.06196
546.08254 0.06178
545.88699 0.06159
545.69128 0.06141
545.496 0.06125
545.30057 0.06112
545.10528 0.06102
544.91043 0.06096
544.71542 0.0609
544.52084 0.06085
544.32611 0.06082
544.13181 0.06082
543.93736 0.06083
543.74304 0.06087
543.54916 0.06092
543.35512 0.06097
543.16152 0.06102
542.96775 0.06106
542.77442 0.06111
542.58094 0.06115
542.38788 0.06118
542.19467 0.0612
542.0016 0.06122
541.80896 0.06121
541.61616 0.06118
541.42379 0.06113
541.23127 0.06105
541.03917 0.06095
540.84692 0.06083
540.65481 0.06068
540.46312 0.06052
540.27128 0.06034
540.07987 0.06013
539.8883 0.05991
539.69715 0.0597
539.50586 0.05949
539.31469 0.05929
539.12396 0.05909
538.93306 0.05889
538.7426 0.05867
538.55197 0.05842
538.36178 0.05814
538.17142 0.05784
537.9812 0.05752
537.79141 0.05718
537.60146 0.05683
537.41193 0.05646
537.22225 0.05607
537.03299 0.05568
536.84357 0.05529
536.65429 0.05494
536.46543 0.0546
536.27642 0.05428
536.08782 0.05398
535.89908 0.05368
535.71075 0.05336
535.52226 0.05304
535.33391 0.05272
535.14598 0.05238
534.95789 0.05207
534.77023 0.05178
534.5824 0.05152
534.395 0.05128
534.20744 0.05107
534.02001 0.0509
533.833 0.05078
533.64584 0.0507
533.45909 0.05067
533.27218 0.05068
533.0857 0.0507
532.89906 0.05067
532.71283 0.05059
532.52645 0.05046
532.3402 0.05028
532.15436 0.05007
531.96837 0.04992
531.7828 0.04985
531.59707 0.04984
531.41175 0.04991
531.22628 0.05004
531.04094 0.05036
530.85601 0.05086
530.67092 0.05154
530.48625 0.05241
530.30142 0.05347
530.11701 0.05451
529.93244 0.05545
529.748 0.05627
529.56397 0.05698
529.37978 0.05758
529.19601 0.05808
529.01208 0.0585
528.82856 0.05885
528.64489 0.05912
528.46134 0.05932
528.2782 0.05946
528.09491 0.05964
527.91203 0.05985
527.72899 0.06009
527.54636 0.06036
527.36358 0.06064
527.18092 0.06088
526.99867 0.06108
526.81626 0.06123
526.63426 0.06134
526.45211 0.06139
526.27036 0.06139
526.08846 0.06136
525.90669 0.06128
525.72532 0.06116
525.54379 0.06105
525.36267 0.06099
525.1814 0.06098
525.00053 0.06102
524.8195 0.06111
524.6386 0.06122
524.4581 0.06126
524.27745 0.06122
524.0972 0.06112
523.9168 0.06096
523.7368 0.06073
523.55665 0.06034
523.37689 0.05978
523.19698 0.05902
523.0172 0.05806
522.83782 0.0569
522.65828 0.05573
522.47914 0.05464
522.29985 0.05364
522.12096 0.05276
521.94192 0.05198
521.763 0.0513
521.58447 0.0507
521.40579 0.05016
521.22751 0.04971
521.04908 0.04935
520.87104 0.04908
520.69285 0.04881
520.51479 0.04853
520.33712 0.04825
520.15929 0.04795
519.98186 0.04764
519.80428 0.04734
519.62709 0.04706
519.44976 0.04681
519.27254 0.04658
519.09571 0.04637
518.91874 0.04618
518.74215 0.04599
518.56542 0.04581
518.38907 0.04565
518.21258 0.04552
518.03621 0.04542
517.86022 0.04536
517.68409 0.04533
517.50834 0.04533
517.33245 0.0453
517.15694 0.04524
516.98128 0.04514
516.80575 0.045
516.6306 0.04481
516.4553 0.04457
516.28039 0.04427
516.10532 0.04392
515.93065 0.04355
515.75582 0.04315
515.58112 0.04272
515.4068 0.04234
515.23233 0.04202
515.05824 0.04174
514.88401 0.04151
514.71016 0.04131
514.53616 0.04114
514.36228 0.04098
514.18878 0.04081
514.01514 0.04063
513.84187 0.04043
513.66846 0.04022
513.49543 0.03999
513.32225 0.03975
513.14945 0.0395
512.97651 0.03926
512.80368 0.03901
512.63123 0.03876
512.45864 0.03852
512.28642 0.03827
512.11406 0.03802
511.94207 0.03777
511.76994 0.03752
511.59792 0.03726
511.42629 0.037
511.2545 0.03671
511.08309 0.03639
510.91154 0.03603
510.74036 0.03563
510.56903 0.0352
510.39782 0.03475
510.22699 0.03434
510.05601 0.03396
509.8854 0.03361
509.71465 0.0333
509.54427 0.03301
509.37375 0.03274
509.20334 0.03248
509.03331 0.03225
508.86312 0.03205
508.69331 0.03186
508.52336 0.03173
508.35378 0.03157
508.18405 0.03137
508.01444 0.03114
507.84519 0.03086
507.6758 0.03056
507.50679 0.03026
507.33762 0.02998
507.16883 0.02972
506.99989 0.02949
506.83107 0.02928
506.66261 0.02906
506.49401 0.02881
506.32578 0.02855
506.1574 0.02825
505.9894 0.02794
505.82124 0.0276
505.6532 0.02723
505.48553 0.02684
505.31771 0.02642
505.15026 0.02598
504.98266 0.02551
504.81543 0.02501
504.64806 0.02479
504.48105 0.02457
504.3139 0.02435
504.14686 0.02414
503.98018 0.02394
503.81336 0.02374
503.64691 0.02354
503.48031 0.02333
503.31407 0.02313
503.14769 0.02292
502.98142 0.02271
502.81552 0.0225
502.64947 0.02231
502.48378 0.02215
502.31795 0.02202
502.15248 0.02193
501.98686 0.02189
501.82136 0.02188
501.65622 0.02188
501.49093 0.02187
