he2022
105
pe
40000 1.28776
38642.86266 1.28377
37373.39762 1.27983
36185.99602 1.27598
35071.72167 1.27281
34022.86336 1.27009
33036.00925 1.26759
32104.79003 1.26528
31223.65504 1.26321
30390.51816 1.26121
29599.81056 1.25939
28850.03751 1.25776
28137.31007 1.25621
27458.1949 1.25477
26811.80792 1.2534
26195.1539 1.25213
25605.57177 1.25095
25042.57237 1.24983
24503.79809 1.24878
23987.14289 1.24777
23492.37672 1.24681
23017.60847 1.24591
22561.14069 1.24505
22122.91492 1.24426
21701.38889 1.24348
21295.17238 1.24267
20904.32092 1.24203
20527.55825 1.24133
20163.72948 1.2406
19812.9656 1.23997
19473.81745 1.23932
19146.45121 1.23874
18829.90943 1.23816
18523.32086 1.23761
18226.88831 1.23703
17939.79405 1.23651
17661.29175 1.23598
17391.60681 1.23548
17130.03409 1.23495
16875.92818 1.23448
16629.52739 1.23397
16390.21832 1.23358
16157.43808 1.23305
15931.43112 1.23263
15711.65962 1.23213
15497.62886 1.23185
15289.58473 1.23127
15086.82468 1.23097
14889.59366 1.23055
14697.45293 1.23007
14509.99739 1.22969
14327.46862 1.22928
14149.47505 1.22879
13975.65441 1.22855
13806.24318 1.22814
13640.88993 1.22769
13479.26888 1.22735
13321.61032 1.22707
13167.59718 1.22686
13016.93503 1.22664
12869.84723 1.22642
12726.0464 1.2262
12585.26517 1.22598
12447.71958 1.22578
12313.14798 1.22568
12181.30657 1.22558
12052.40385 1.22548
11926.05844 1.22537
11802.4738 1.22527
11681.4242 1.22517
11562.69873 1.22507
11446.49337 1.22497
11332.60049 1.22487
11220.82585 1.22477
11111.35803 1.22467
11004.00546 1.22457
10898.58863 1.22446
10795.28894 1.22435
10693.92906 1.22425
10594.34262 1.22414
10496.70403 1.22403
10400.84871 1.22392
10306.622 1.22382
10214.1916 1.22371
10123.30182 1.2236
10034.11599 1.22349
9946.4879 1.22338
9860.27983 1.22328
9775.64886 1.22317
9692.4583 1.22307
9610.57933 1.22302
9530.16297 1.22297
9451.0812 1.22292
9373.21323 1.22287
9296.70432 1.22283
9221.4343 1.22278
9147.28966 1.22273
9074.41016 1.22268
9002.6828 1.22264
8932.00068 1.22259
8862.49834 1.22254
8794.06928 1.22249
8726.61268 1.22245
8660.25808 1.2224
8594.83107 1.22235
8530.458 1.22229
8467.04204 1.22223
8404.49136 1.22216
8342.9277 1.22209
8282.2594 1.22202
8222.39946 1.22196
8163.46523 1.22189
8105.36981 1.22182
8048.03065 1.22176
7991.56091 1.22169
7935.8781 1.22162
7880.90378 1.22155
7826.74713 1.22149
7773.32971 1.22142
7720.57688 1.22135
7668.59404 1.2213
7617.2485 1.22126
7566.64321 1.22121
7516.70588 1.22117
7467.3676 1.22112
7418.72784 1.22108
7370.71761 1.22103
7323.27116 1.22099
7276.48458 1.22094
7230.29203 1.2209
7184.63064 1.22085
7139.59333 1.22081
7095.11714 1.22076
7051.14193 1.22072
7007.75759 1.22067
6964.90385 1.22063
6922.52312 1.22058
6880.70238 1.22055
6839.38391 1.22051
6798.51249 1.22048
6758.17232 1.22044
6718.26293 1.2204
6678.86673 1.22037
6639.92988 1.22033
6601.40082 1.2203
6563.35939 1.22026
6525.75389 1.22023
6488.53476 1.22019
6451.7794 1.22015
6415.43811 1.22012
6379.46323 1.22008
6343.92981 1.22005
6308.79004 1.22001
6273.99804 1.21998
6239.62662 1.21994
6205.62975 1.2199
6171.96324 1.21987
6138.69774 1.21984
6105.75162 1.21982
6073.19414 1.21981
6040.98202 1.21979
6009.0737 1.21978
5977.53642 1.21976
5946.32844 1.21975
5915.40964 1.21973
5884.84535 1.21971
5854.59527 1.2197
5824.62067 1.21968
5794.98502 1.21967
5765.64941 1.21965
5736.57641 1.21964
5707.82771 1.21962
5679.36573 1.2196
5651.15425 1.21957
5623.25328 1.21953
5595.62646 1.21949
5568.23877 1.21945
5541.14857 1.2194
5514.29028 1.21936
5487.72122 1.21932
5461.40697 1.21928
5435.31432 1.21924
5409.49908 1.2192
5383.9279 1.21916
5358.56862 1.21911
5333.47556 1.21907
5308.61642 1.21903
5283.96001 1.21899
5259.55925 1.21895
5235.38281 1.21891
5211.40046 1.21887
5187.66374 1.21877
5164.14226 1.21866
5140.8067 1.21855
5117.70727 1.21844
5094.78854 1.21833
5072.0999 1.21821
5049.61244 1.2181
5027.29823 1.21799
5005.20541 1.21788
4983.30593 1.21777
4961.57262 1.21766
4940.05246 1.21755
4918.71818 1.21744
4897.54339 1.21728
4876.57391 1.21705
4855.78324 1.21683
4835.14571 1.21661
4814.70604 1.21638
4794.43845 1.21616
4774.31799 1.21593
4754.3883 1.21571
4734.62431 1.21549
4715.00172 1.21526
4695.56316 1.21504
4676.26236 1.21481
4657.14126 1.21458
4638.1759 1.21434
4619.34304 1.2141
4600.68366 1.21387
4582.17443 1.21363
4563.79269 1.2134
4545.57852 1.21316
4527.50915 1.21292
4509.56253 1.21269
4491.7778 1.21224
4474.1328 1.21167
4456.60603 1.2111
4439.23574 1.21052
4422.00034 1.20995
4404.87884 1.20868
4387.90868 1.20524
4371.04966 1.20334
4354.33866 1.20141
4337.75495 1.1998
4321.27841 1.19923
4304.94509 1.19819
4288.73478 1.1962
4272.62784 1.19486
4256.65954 1.19377
4240.81016 1.19193
4225.06052 1.19059
4209.44515 1.18955
4193.94478 1.18826
4178.54069 1.18667
4163.26667 1.18505
4148.1039 1.18466
4133.0341 1.18256
4118.09036 1.18097
4103.25429 1.17996
4088.50802 1.17796
4073.88396 1.17689
4059.34766 1.17536
4044.93109 1.17294
4030.61656 1.1717
4016.38686 1.16957
4002.27329 1.16829
3988.25857 1.16598
3974.32585 1.16402
3960.50584 1.16243
3946.7816 1.16038
3933.13668 1.15788
3919.60114 1.1556
3906.15845 1.15347
3892.79249 1.15108
3879.53275 1.14819
3866.36303 1.14569
3853.26757 1.14299
3840.27527 1.13995
3827.35564 1.1366
3814.5372 1.13376
3801.80434 1.12946
3789.14184 1.12602
3776.57767 1.12237
3764.09654 1.11866
3751.68357 1.11444
3739.36618 1.10995
3727.1294 1.1054
3714.95865 1.10019
3702.88084 1.09509
3690.88131 1.08951
3678.94576 1.08068
3667.10061 1.07401
3655.33148 1.06677
3643.62439 1.05853
3632.00523 1.05022
3620.45994 1.04016
3608.9748 1.03045
3597.57523 1.01952
3586.2346 1.00711
3574.97801 0.99464
3563.79187 0.98045
3552.6629 0.96548
3541.61576 0.94869
3530.6371 0.93025
3519.71392 0.90983
3508.87042 0.88776
3498.09354 0.86451
3487.37049 0.84055
3476.72506 0.81738
3466.14443 0.79808
3455.61607 0.78389
3445.16334 0.77574
3434.77365 0.775
3424.43471 0.77926
3414.16949 0.79047
3403.95403 0.80421
3393.81105 0.82029
3383.72833 0.8378
3373.69396 0.85293
3363.73024 0.86876
3353.82521 0.88451
3343.96715 0.89998
3334.17799 0.92035
3324.44598 0.94495
3314.75963 0.97687
3305.14048 1.01769
3295.57701 1.06732
3286.05791 1.12567
3276.60439 1.18854
3267.2051 1.25182
3257.84897 1.31177
3248.55683 1.36699
3239.31754 1.41567
3230.12023 1.45786
3220.98536 1.49549
3211.89171 1.52881
3202.85951 1.55937
3193.87797 1.58817
3184.93652 1.61409
3176.05509 1.63716
3167.22304 1.65804
3158.43001 1.67503
3149.69558 1.68727
3141.00933 1.69542
3132.36105 1.69826
3123.77002 1.6963
3115.22598 1.68946
3106.7189 1.67896
3098.26776 1.66449
3089.86247 1.64766
3081.49317 1.62994
3073.17853 1.61094
3064.89924 1.59371
3056.67379 1.57682
3048.49237 1.56163
3040.34538 1.54773
3032.25102 1.5351
3024.19965 1.52372
3016.18182 1.51295
3008.21544 1.50289
3000.29103 1.49409
2992.39931 1.48563
2984.5579 1.47801
2976.75748 1.47054
2968.98891 1.46364
2961.26956 1.45714
2953.59024 1.45113
2945.94196 1.44558
2938.34183 1.43973
2930.78082 1.43468
2923.25007 1.42986
2915.76642 1.42503
2908.31254 1.42074
2900.90508 1.41635
2893.53526 1.41255
2886.19447 1.40832
2878.89911 1.40507
2871.64054 1.40138
2864.41028 1.39844
2857.22449 1.39523
2850.07467 1.39187
2842.95246 1.38877
2835.8738 1.3863
2828.83031 1.38365
2821.81375 1.38093
2814.83984 1.37832
2807.90031 1.37634
2800.98707 1.37379
2794.11559 1.37153
2787.26998 1.36922
2780.46556 1.36767
2773.69428 1.36542
2766.94825 1.3636
2760.24257 1.36158
2753.56931 1.36013
2746.9207 1.35779
2740.31163 1.35628
2733.73428 1.35461
2727.18099 1.35294
2720.66645 1.35115
2714.18296 1.34956
2707.72297 1.34821
2701.30095 1.34669
2694.90932 1.34497
2688.54063 1.34363
2682.20917 1.34238
2675.90747 1.34086
2669.62817 1.3396
2663.38538 1.33819
2657.16465 1.33711
2650.97993 1.3356
2644.82395 1.3346
2638.68952 1.33325
2632.59042 1.33229
2626.51944 1.33106
2620.46954 1.33003
2614.45427 1.32881
2608.46656 1.32791
2602.49944 1.32703
2596.5663 1.32601
2590.66015 1.32494
2584.77413 1.32397
2578.92144 1.32318
2573.0952 1.3221
2567.28864 1.32119
2561.51478 1.32051
2555.7603 1.31937
2550.03812 1.31868
2544.34151 1.31806
2538.66385 1.3171
2533.01789 1.31634
2527.39698 1.31566
2521.79461 1.31477
2516.22335 1.31439
2510.67665 1.31337
2505.14808 1.31267
2499.65005 1.31193
2494.1761 1.31109
2488.71988 1.31049
2483.29364 1.3098
2477.89102 1.30922
2472.50574 1.30875
2467.1499 1.30858
2461.81721 1.30791
2456.5015 1.30739
2451.2147 1.30637
2445.94462 1.30626
2440.70312 1.30557
2435.48403 1.30542
2430.28131 1.30472
2425.10664 1.30403
2419.95397 1.30365
2414.81732 1.3033
2409.70823 1.30283
2404.62072 1.30215
2399.54888 1.30186
2394.50413 1.30131
2389.48055 1.30083
2384.47232 1.30039
2379.49069 1.29997
2374.52984 1.29955
2369.58402 1.29919
2364.66435 1.29879
2359.75949 1.29842
2354.88049 1.29802
2350.02162 1.29764
2345.17726 1.29721
2340.35831 1.29673
2335.55912 1.29624
2330.77414 1.29583
2326.01414 1.29545
2321.27354 1.29511
2316.54686 1.29476
2311.84474 1.29443
2307.16166 1.29414
2302.49222 1.29391
2297.84692 1.29367
2293.22032 1.29347
2288.60709 1.29308
2284.01759 1.29346
2279.44646 1.29288
2274.88842 1.29316
2270.35372 1.29309
2265.83193 1.29323
2261.33324 1.29373
2256.85237 1.29385
2252.38415 1.29441
2247.93864 1.29455
2243.51065 1.29521
2239.09505 1.29558
2234.70179 1.29651
2230.32574 1.29697
2225.96184 1.29786
2221.61992 1.29859
2217.2949 1.2992
2212.98179 1.30026
2208.69031 1.30092
2204.41544 1.30131
2200.15225 1.30213
2195.91034 1.30308
2191.67994 1.30329
2187.47061 1.30384
2183.27741 1.30413
2179.0955 1.30422
2174.93432 1.30445
2170.78899 1.30463
2166.65475 1.30459
2162.5409 1.30511
2158.44264 1.30484
2154.35524 1.30484
2150.28792 1.30485
2146.23593 1.30461
2142.19459 1.30461
2138.17302 1.30434
2134.16651 1.30435
2130.17046 1.30373
2126.19386 1.30328
2122.23208 1.30301
2118.28055 1.30302
2114.34818 1.30235
2110.42593 1.30161
2106.52264 1.30176
2102.63376 1.30147
2098.75481 1.30065
2094.89453 1.30057
2091.04843 1.29996
2087.21207 1.29969
2083.3941 1.29889
2079.59007 1.29844
2075.7956 1.29822
2072.01924 1.29744
2068.2566 1.29693
2064.50334 1.29699
2060.76792 1.2963
2057.046 1.29555
2053.33328 1.29513
2049.63814 1.29435
2045.95208 1.29389
2042.28344 1.29374
2038.62792 1.29318
2034.98133 1.2925
2031.35188 1.29177
2027.73536 1.29146
2024.1276 1.29112
2020.53674 1.29021
2016.95859 1.28944
2013.38904 1.28916
2009.83614 1.28882
2006.29576 1.28811
2002.76381 1.28773
1999.24828 1.28728
1995.74507 1.28644
1992.25015 1.28606
1988.7714 1.28529
1985.30477 1.28497
1981.84629 1.28445
1978.40374 1.284
1974.96924 1.28326
1971.55053 1.28285
1968.14363 1.28181
1964.74462 1.28108
1961.36118 1.2811
1957.98938 1.27984
1954.62533 1.27986
1951.27662 1.27906
1947.93937 1.27865
1944.60974 1.27786
1941.29523 1.27731
1937.99201 1.27647
1934.69626 1.27605
1931.41544 1.27551
1928.14572 1.27458
1924.88335 1.27417
1921.6357 1.27342
1918.3953 1.27266
1915.16948 1.27246
1911.9545 1.27183
1908.74664 1.27121
1905.55316 1.27035
1902.37035 1.27009
1899.19455 1.26935
1896.03293 1.26903
1892.88182 1.26829
1889.73759 1.26727
1886.60735 1.26675
1883.48747 1.26615
1880.37434 1.26537
1877.27502 1.26454
1874.1859 1.26406
1871.10343 1.26333
1868.03457 1.26256
1864.97576 1.26245
1861.92348 1.26166
1858.88463 1.26067
1855.85224 1.26003
1852.83317 1.259
1849.8239 1.25892
1846.82097 1.25794
1843.83119 1.2572
1840.85106 1.25655
1837.87718 1.25596
1834.91625 1.25503
1831.96486 1.25453
1829.01959 1.25334
1826.08712 1.25302
1823.16403 1.25193
1820.24697 1.25174
1817.34254 1.25065
1814.44736 1.2499
1811.5581 1.24842
1808.68131 1.24807
1805.81038 1.24722
1802.95179 1.24614
1800.10225 1.24527
1797.25846 1.24448
1794.42687 1.2436
1791.60418 1.24259
1788.78717 1.24205
1785.98218 1.24064
1783.18598 1.23992
1780.39535 1.23866
1777.61661 1.23771
1774.84652 1.23707
1772.08191 1.23624
1769.32904 1.23462
1766.5847 1.23307
1763.84575 1.23259
1761.11838 1.23158
1758.39943 1.23068
1755.68579 1.2294
1752.98358 1.22848
1750.28661 1.22754
1747.60098 1.22654
1744.92358 1.22555
1742.25134 1.22473
1739.59029 1.22447
1736.93736 1.22356
1734.2895 1.22312
1731.65271 1.22266
1729.02391 1.22267
1726.40011 1.22288
1723.78723 1.22297
1721.18225 1.22351
1718.58217 1.22409
1715.99288 1.22487
1713.41138 1.22592
1710.83472 1.22723
1708.2687 1.22862
1705.70747 1.22979
1703.1568 1.23159
1700.61375 1.23291
1698.0754 1.23474
1695.54749 1.23627
1693.0271 1.23813
1690.51133 1.23983
1688.00587 1.24119
1685.50784 1.24341
1683.01435 1.24474
1680.53105 1.24636
1678.05507 1.24818
1675.58356 1.24956
1673.12213 1.25102
1670.66792 1.25266
1668.21811 1.25378
1665.77825 1.25505
1663.34552 1.25649
1660.91713 1.25765
1658.49856 1.25841
1656.08429 1.25977
1653.67977 1.26109
1651.28222 1.26194
1648.8889 1.26304
1646.50521 1.26411
1644.12841 1.26503
1641.75576 1.26589
1639.39264 1.2665
1637.03631 1.2671
1634.68407 1.26741
1632.34125 1.2676
1630.00513 1.26808
1627.67305 1.26834
1625.35026 1.2685
1623.0341 1.26924
1620.7219 1.26965
1618.4189 1.27027
1616.11983 1.27057
1613.82988 1.27123
1611.54641 1.27192
1609.2668 1.2723
1606.99622 1.2726
1604.73203 1.27262
1602.47165 1.27335
1600.22019 1.27393
1597.97505 1.27467
1595.73365 1.27445
1593.50107 1.27511
1591.27472 1.27578
1589.05207 1.2762
1586.83813 1.27699
1584.63035 1.27775
1582.42621 1.27773
1580.23068 1.27787
1578.04124 1.27805
1575.85537 1.2785
1573.67803 1.27896
1571.50423 1.27938
1569.33888 1.27985
1567.1795 1.27993
1565.0236 1.28021
1562.87607 1.28047
1560.73442 1.28052
1558.5962 1.28061
1556.46626 1.28059
1554.34213 1.28078
1552.22138 1.28106
1550.10882 1.28137
1548.00199 1.28191
1545.8985 1.28197
1543.8031 1.28223
1541.71337 1.28221
1539.62692 1.28218
1537.54847 1.28284
1535.47327 1.28274
1533.40602 1.28309
1531.34432 1.28312
1529.28582 1.28297
1527.23519 1.28316
1525.19004 1.28391
1523.14804 1.28373
1521.11382 1.28357
1519.08502 1.2836
1517.05933 1.28392
1515.04133 1.28385
1513.02869 1.2839
1511.01911 1.28374
1509.01713 1.28405
1507.02045 1.28396
1505.02679 1.28383
1503.04065 1.2844
1501.05975 1.28456
1499.08181 1.28467
1497.11132 1.28477
1495.14377 1.2847
1493.18362 1.28462
1491.22859 1.28456
1489.27646 1.28479
1487.33165 1.28467
1485.39191 1.28461
1483.45503 1.28474
1481.52538 1.28502
1479.60074 1.28503
1477.67892 1.2851
1475.76426 1.28513
1473.85456 1.28518
1471.94762 1.28522
1470.04778 1.28527
1468.15283 1.28529
1466.26061 1.28533
1464.37541 1.28535
1462.49291 1.28538
1460.61737 1.28542
1458.74664 1.28543
1456.87858 1.28546
1455.01741 1.28547
1453.16099 1.28549
1451.30719 1.28549
1449.46022 1.28551
1447.61794 1.28548
1445.77826 1.28551
1443.94532 1.2855
1442.11703 1.2855
1440.29128 1.28549
1438.47223 1.28549
1436.65776 1.28547
1434.8458 1.28546
1433.04047 1.28543
1431.23967 1.2854
1429.44135 1.28538
1427.64957 1.28535
1425.86026 1.28533
1424.07745 1.28529
1422.29909 1.28526
1420.52315 1.28522
1418.75365 1.28517
1416.98856 1.28512
1415.22585 1.28507
1413.46952 1.28499
1411.71754 1.28495
1409.96791 1.28488
1408.22459 1.2848
1406.48559 1.28472
1404.74889 1.28466
1403.01845 1.28459
1401.29227 1.28452
1399.56837 1.28446
1397.85066 1.2844
1396.13522 1.2843
1394.42592 1.28421
1392.72081 1.28413
1391.01792 1.28404
1389.32112 1.28396
1387.62846 1.28387
1385.938 1.28378
1384.25356 1.28369
1382.57322 1.2836
1380.89504 1.28351
1379.22284 1.28342
1377.55468 1.28333
1375.88865 1.28322
1374.22854 1.2831
1372.57243 1.28299
1370.91843 1.28287
1369.27029 1.28275
1367.6261 1.28264
1365.98399 1.28252
1364.34768 1.2824
1362.71343 1.28228
1361.08495 1.28216
1359.46035 1.28204
1357.83778 1.28192
1356.22092 1.28174
1354.6079 1.28161
1352.99689 1.28145
1351.39153 1.28131
1349.78997 1.28114
1348.19039 1.281
1346.59641 1.28082
1345.00619 1.28067
1343.41792 1.28045
1341.8352 1.28029
1340.2562 1.2801
1338.67913 1.27991
1337.10754 1.27972
1335.53786 1.27955
1333.97364 1.27937
1332.41308 1.27921
1330.8544 1.27904
1329.30112 1.27889
1327.75147 1.27867
1326.20366 1.27851
1324.66122 1.27831
1323.12236 1.27815
1321.58532 1.27796
1320.05359 1.27781
1318.52541 1.27763
1316.99903 1.27744
1315.47791 1.27724
1313.9603 1.27705
1312.44447 1.27686
1310.93384 1.27668
1309.42669 1.2765
1307.92129 1.27632
1306.42106 1.27612
1304.92256 1.2759
1303.42919 1.27571
1301.93924 1.2755
1300.451 1.27532
1298.96784 1.2751
1297.48806 1.27494
1296.00997 1.27471
1294.53692 1.2745
1293.06722 1.27426
1291.59918 1.27407
1290.13614 1.27384
1288.6764 1.27364
1287.21831 1.27341
1285.76517 1.27321
1284.3153 1.273
1282.86705 1.27276
1281.42371 1.27253
1279.98198 1.27228
1278.54512 1.27207
1277.11148 1.27181
1275.67943 1.2716
1274.25221 1.27136
1272.82817 1.27114
1271.4057 1.27087
1269.98802 1.27061
1268.5735 1.27036
1267.16052 1.27008
1265.75229 1.26983
1264.34718 1.26953
1262.94359 1.26934
1261.54471 1.26904
1260.14892 1.26881
1258.75464 1.26852
1257.36502 1.26825
1255.97846 1.268
1254.59338 1.26772
1253.21292 1.26748
1251.83394 1.26715
1250.45954 1.26691
1249.08817 1.26663
1247.71824 1.26637
1246.35286 1.26609
1244.99047 1.26578
1243.62951 1.26552
1242.27306 1.26522
1240.91957 1.26498
1239.56749 1.26464
1238.21989 1.26436
1236.87521 1.26408
1235.53192 1.26378
1234.19307 1.26351
1232.85712 1.26317
1231.52254 1.26289
1230.19237 1.26255
1228.86355 1.26226
1227.5391 1.26197
1226.21751 1.26162
1224.89726 1.26134
1223.58135 1.26097
1222.26826 1.2607
1220.9565 1.26037
1219.64903 1.26003
1218.34437 1.25973
1217.04101 1.25932
1215.74191 1.25908
1214.44559 1.25871
1213.15055 1.25837
1211.85974 1.25804
1210.57168 1.25763
1209.28489 1.25741
1208.00229 1.25698
1206.72241 1.25666
1205.44378 1.25632
1204.16932 1.25587
1202.89609 1.25564
1201.627 1.25519
1200.36059 1.25491
1199.0954 1.25459
1197.83432 1.25418
1196.57588 1.25419
1195.31865 1.25321
1194.06549 1.2525
1192.81496 1.25217
1191.56562 1.25212
1190.32032 1.25207
1189.07761 1.25185
1187.83608 1.25121
1186.59856 1.25041
1185.3636 1.24988
1184.12982 1.24943
1182.9 1.24857
1181.67133 1.24791
1180.44661 1.24756
1179.22442 1.24699
1178.00338 1.24681
1176.78624 1.24643
1175.57162 1.24579
1174.35813 1.24491
1173.14851 1.24464
1171.94138 1.24458
1170.73536 1.2443
1169.53319 1.24347
1168.33349 1.24252
1167.13488 1.24217
1165.94009 1.24185
1164.74774 1.24134
1163.55648 1.24142
1162.369 1.24138
1161.18394 1.24095
1159.99995 1.24
1158.81972 1.23862
1157.64054 1.23774
1156.4651 1.23721
1155.29205 1.23686
1154.12004 1.23526
1152.95173 1.23514
1151.78579 1.2356
1150.62088 1.23605
1149.45964 1.2345
1148.30074 1.2337
1147.14287 1.23354
1145.98864 1.23395
1144.83673 1.23241
1143.68582 1.23125
1142.53854 1.23067
1141.39355 1.23056
1140.24956 1.23029
1139.10915 1.22991
1137.96973 1.22943
1136.83387 1.22797
1135.70028 1.22728
1134.56767 1.22696
1133.43859 1.22631
1132.31176 1.22511
1131.18589 1.22411
1130.06353 1.22353
1128.9434 1.22371
1127.82421 1.22339
1126.70851 1.22287
1125.59502 1.22296
1124.48246 1.22288
1123.37336 1.22246
1122.26644 1.22149
1121.16045 1.22065
1120.05788 1.22
1118.95749 1.2195
1117.85801 1.21791
1116.76193 1.21721
1115.66675 1.21686
1114.57496 1.21559
1113.48531 1.21534
1112.39655 1.21515
1111.31115 1.21409
1110.22786 1.21377
1109.14546 1.21363
1108.06639 1.2135
1106.98942 1.21341
1105.91332 1.21279
1104.84053 1.21145
1103.76982 1.21074
1102.69996 1.21017
1101.63339 1.20973
1100.56888 1.20992
1099.50522 1.2099
1098.44482 1.20963
1097.38526 1.20793
1096.32894 1.20708
1095.27466 1.20694
1094.2212 1.20578
1093.17096 1.20484
1092.12274 1.20411
1091.07533 1.2036
1090.03112 1.20313
1088.98891 1.20268
1087.9475 1.20193
1086.90926 1.20104
1085.87301 1.20002
1084.83755 1.20029
1083.80524 1.20004
1082.77489 1.199
1081.74533 1.1996
1080.71889 1.19968
1079.6944 1.19847
1078.67069 1.19621
1077.65008 1.1941
1076.63023 1.19307
1075.61348 1.19307
1074.59864 1.19339
1073.58456 1.19328
1072.57354 1.19279
1071.56443 1.19204
1070.55607 1.19192
1069.55075 1.19145
1068.54731 1.19057
1067.54462 1.18987
1066.54494 1.18902
1065.54713 1.18778
1064.55006 1.18692
1063.55598 1.18618
1062.56375 1.18528
1061.57225 1.18465
1060.58372 1.18424
1059.59591 1.18289
1058.61106 1.1818
1057.62804 1.18131
1056.64572 1.17971
1055.66634 1.17807
1054.68878 1.17881
1053.71191 1.17885
1052.73796 1.17823
1051.76581 1.17514
1050.79435 1.17294
1049.82578 1.17412
1048.859 1.17323
1047.8929 1.17112
1046.92967 1.17144
1045.96821 1.17108
1045.00742 1.16945
1044.04949 1.16847
1043.09331 1.16769
1042.1378 1.16585
1041.18512 1.16489
1040.2331 1.16529
1039.28389 1.16484
1038.33642 1.16402
1037.3896 1.16228
1036.44557 1.16078
1035.50326 1.15963
1034.5616 1.15845
1033.62271 1.15729
1032.68553 1.15705
1031.74898 1.1561
1030.81519 1.15385
1029.88309 1.15209
1028.95161 1.15057
1028.02288 1.14963
1027.09581 1.14867
1026.16937 1.1476
1025.24565 1.14629
1024.32254 1.1448
1023.40214 1.14298
1022.48339 1.14116
1021.56524 1.13977
1020.64979 1.13851
1019.73597 1.13743
1018.82275 1.13626
1017.9122 1.13504
1017.00328 1.13385
1016.09494 1.13244
1015.18926 1.13017
1014.28519 1.12905
1013.38171 1.12934
1012.48085 1.12832
1011.5816 1.12675
1010.68292 1.12446
1009.78685 1.1222
1008.89238 1.12024
1007.99847 1.11852
1007.10716 1.11712
1006.2164 1.11505
1005.32824 1.11261
1004.44164 1.11118
1003.5556 1.10994
1002.67212 1.10896
1001.7902 1.10769
1000.90883 1.10568
1000.03 1.10388
999.15272 1.10229
998.27598 1.10012
997.40177 1.0977
996.52909 1.09687
995.65694 1.09612
994.78731 1.09405
993.9192 1.09217
993.05162 1.09089
992.18653 1.08838
991.32197 1.08426
990.45989 1.08178
989.59931 1.08037
988.73925 1.07936
987.88166 1.07847
987.02555 1.07648
986.16995 1.07436
985.31681 1.07183
984.46514 1.06948
983.61397 1.06769
982.76525 1.06592
981.91798 1.06417
981.07121 1.06215
980.22686 1.05986
979.38397 1.05781
978.54156 1.05589
977.70156 1.05263
976.863 1.04894
976.02492 1.04895
975.18924 1.0495
974.35403 1.04711
973.5212 1.04462
972.68979 1.04156
971.85885 1.03857
971.03028 1.03589
970.20312 1.03324
969.37643 1.03066
968.55208 1.02821
967.72914 1.02599
966.90665 1.02396
966.0865 1.02215
965.26774 1.01978
964.44943 1.01687
963.63344 1.01592
962.81883 1.01638
962.00466 1.01574
961.1928 1.0145
960.38139 1.01144
959.57226 1.00759
958.7645 1.00538
957.95718 1.00373
957.15213 1.00213
956.34843 1.00054
955.54517 0.99959
954.74417 0.99876
953.94451 0.99605
953.14528 0.99301
952.3483 0.99082
951.55265 0.98876
950.75742 0.98592
949.96442 0.98297
949.17275 0.98521
948.38149 0.98804
947.59245 0.98629
946.80472 0.98402
946.01741 0.9812
945.2323 0.97833
944.44759 0.97688
943.66508 0.97561
942.88387 0.9738
942.10306 0.97189
941.32442 0.9713
940.54708 0.97096
939.77013 0.97105
938.99535 0.97124
938.22184 0.96992
937.44873 0.96814
936.67777 0.96823
935.90808 0.96903
935.13877 0.9659
934.37161 0.96086
933.6057 0.9579
932.84017 0.95623
932.07677 0.95621
931.31375 0.95754
930.55284 0.9582
929.79318 0.95814
929.03389 0.95782
928.2767 0.9571
927.52075 0.95607
926.76516 0.95437
926.01167 0.9535
925.2594 0.95569
924.50749 0.95754
923.75766 0.95661
923.00905 0.95568
922.26079 0.95521
921.5146 0.95475
920.76962 0.95518
920.02499 0.95572
919.28241 0.95602
918.54103 0.95625
917.8 0.95616
917.061 0.95588
916.32236 0.95621
915.58574 0.95717
914.85031 0.95752
914.11522 0.95674
913.38214 0.95665
912.65025 0.95939
911.91869 0.96202
911.18913 0.96188
910.46074 0.96174
909.73268 0.96301
909.00662 0.96451
908.28171 0.96473
907.55714 0.96439
906.83454 0.9646
906.11309 0.96536
905.39197 0.96604
904.67282 0.96655
903.95399 0.96717
903.23711 0.9685
902.52137 0.96982
901.80596 0.97081
901.09248 0.97176
900.38014 0.97454
899.66811 0.97809
898.95802 0.98031
898.24904 0.98108
897.54038 0.98174
896.83364 0.98208
896.12801 0.98244
895.42269 0.98393
894.71928 0.98543
894.01697 0.98865
893.31497 0.99238
892.61486 0.99462
891.91585 0.99546
891.21714 0.99574
890.52032 0.99434
889.8238 0.99294
889.12915 0.99569
888.43559 0.9985
887.74232 1.00107
887.05092 1.00353
886.36059 1.00548
885.67056 1.00672
884.98238 1.00795
884.29527 1.00912
883.60844 1.01028
882.92347 1.01248
882.23955 1.01489
881.55591 1.01694
880.87411 1.01865
880.19336 1.02067
879.51289 1.02391
878.83424 1.02716
878.15664 1.03037
877.47932 1.03357
876.8038 1.03595
876.12856 1.03765
875.45513 1.03935
874.78273 1.04109
874.11059 1.04283
873.44025 1.04484
872.77094 1.0469
872.1019 1.04855
871.43463 1.04976
870.76839 1.05116
870.10241 1.05401
869.4382 1.05686
868.77501 1.05963
868.11207 1.06237
867.4509 1.0651
866.79073 1.06781
866.13082 1.07051
865.47266 1.0721
864.81475 1.07365
864.15859 1.07548
863.50342 1.07753
862.8485 1.07978
862.19532 1.08319
861.54313 1.0866
860.89118 1.08887
860.24095 1.09069
859.59171 1.09264
858.94271 1.09489
858.29543 1.09713
857.64912 1.10034
857.00304 1.10371
856.35868 1.10698
855.71528 1.1101
855.07212 1.11323
854.43065 1.11516
853.79015 1.11702
853.14987 1.11887
852.51129 1.1207
851.87293 1.12253
851.23625 1.12535
850.60052 1.12816
849.96502 1.13086
849.33119 1.13345
848.69831 1.13603
848.06565 1.13849
847.43465 1.14095
846.80458 1.14352
846.17474 1.14619
845.54655 1.14887
844.91929 1.15184
844.29225 1.1548
843.66685 1.15721
843.04237 1.15903
842.41811 1.16085
841.79548 1.16345
841.17307 1.16608
840.55228 1.16889
839.9324 1.17196
839.31274 1.17503
838.69469 1.17758
838.07755 1.18005
837.46062 1.18227
836.84529 1.18392
836.23087 1.18557
835.61666 1.18715
835.00404 1.18869
834.39232 1.19052
833.7808 1.19377
833.17087 1.19702
832.56183 1.19973
831.95298 1.20205
831.34572 1.20436
830.73935 1.20756
830.13317 1.21079
829.52856 1.21397
828.92415 1.21706
828.3213 1.22015
827.71933 1.22262
827.11754 1.22486
826.51732 1.22712
825.91797 1.22944
825.3188 1.23176
824.72118 1.23466
824.12443 1.23821
823.52786 1.24176
822.93283 1.24402
822.33867 1.246
821.74468 1.24779
821.15222 1.24861
820.56062 1.24942
819.9692 1.25157
819.3793 1.25507
818.78958 1.25856
818.20138 1.26077
817.61402 1.26269
817.02684 1.26482
816.44117 1.26843
815.85633 1.27203
815.27167 1.27543
814.68851 1.27855
814.10618 1.28167
813.52402 1.28322
812.94336 1.28414
812.36352 1.28507
811.78385 1.28713
811.20567 1.28919
810.62831 1.29148
810.05111 1.29438
809.4754 1.29729
808.90049 1.30001
808.32576 1.30257
807.75249 1.30512
807.17938 1.3075
806.60773 1.30983
806.03689 1.31216
805.46622 1.31445
804.89699 1.31674
804.32857 1.31906
803.76031 1.32144
803.1935 1.32382
802.62748 1.32618
802.06162 1.32851
801.4972 1.33083
800.93357 1.3331
800.37009 1.33533
799.80805 1.33756
799.24679 1.33983
798.68568 1.3421
798.126 1.34437
797.56647 1.34664
797.00835 1.3489
796.45101 1.35115
795.89382 1.35333
795.33805 1.35551
794.78304 1.35767
794.22818 1.35982
793.67473 1.36197
793.12205 1.36409
792.5695 1.36618
792.01836 1.36828
791.46798 1.37044
790.91773 1.37263
790.36888 1.37482
789.82079 1.37698
789.27284 1.37913
788.72626 1.38127
788.18045 1.38333
787.63476 1.38537
787.09046 1.38742
786.54628 1.3894
786.00348 1.39137
785.46142 1.39335
784.9195 1.39532
784.37894 1.39729
783.83912 1.39925
783.29943 1.40109
782.7611 1.40294
782.2235 1.40479
781.68603 1.40663
781.14992 1.40848
780.61453 1.41032
780.07927 1.41213
779.54535 1.41394
779.01217 1.41574
778.4791 1.4175
777.94737 1.41927
777.41576 1.421
776.88548 1.42267
776.35593 1.42434
775.82649 1.42604
775.29837 1.4278
774.77098 1.42956
774.2437 1.43134
773.71774 1.43315
773.19249 1.43497
772.66736 1.43677
772.14353 1.43855
771.62042 1.44033
771.09742 1.44207
770.57572 1.44374
770.05473 1.4454
769.53385 1.44706
769.01426 1.44869
768.49538 1.45032
767.9766 1.45199
767.45912 1.45374
766.94174 1.4555
766.42565 1.45724
765.91025 1.45894
765.39496 1.46063
764.88095 1.46232
764.36763 1.46393
763.85441 1.46555
763.34246 1.46716
762.8312 1.46867
762.32004 1.47019
761.81015 1.47171
761.30094 1.47325
760.79183 1.47479
760.28398 1.47634
759.77681 1.47787
759.26973 1.47939
758.76391 1.48092
758.25819 1.4824
757.75371 1.48385
757.24991 1.48531
756.7462 1.48679
756.24374 1.4883
755.74194 1.4898
755.24023 1.49126
754.73977 1.49267
754.23996 1.49407
753.74025 1.49543
753.24176 1.49671
752.74394 1.49799
752.24621 1.49927
751.7497 1.50052
751.25384 1.50178
750.75808 1.50303
750.26353 1.50422
749.76963 1.50541
749.27582 1.50659
748.78323 1.50777
748.29072 1.50894
747.79941 1.51011
747.30875 1.51126
746.81818 1.51239
746.32881 1.51352
745.84008 1.51465
745.35143 1.51578
744.86398 1.51691
744.37716 1.51805
743.89043 1.51917
743.40488 1.52029
742.91997 1.52142
742.43514 1.52248
741.9515 1.52353
741.46848 1.52458
740.98554 1.5256
740.50378 1.5266
740.0221 1.5276
739.54159 1.52861
739.0617 1.52963
738.58189 1.53065
738.10325 1.53167
737.62523 1.53264
737.14728 1.53361
736.6705 1.53459
736.19433 1.53543
735.71824 1.53619
735.2433 1.53696
734.76897 1.53774
734.29472 1.53858
733.82162 1.53942
733.34912 1.54026
732.8767 1.54142
732.40542 1.5426
731.93475 1.54378
731.46415 1.54486
730.99469 1.54587
730.52529 1.54688
730.05703 1.54787
729.58937 1.54878
729.12178 1.54969
728.65532 1.55061
728.18945 1.55142
727.72365 1.55221
727.25898 1.553
726.79489 1.55375
726.33087 1.55445
725.86797 1.55514
725.40566 1.55584
724.94342 1.55653
724.48228 1.55721
724.02174 1.5579
723.56125 1.5586
723.10188 1.5593
722.64256 1.56
722.18435 1.56068
721.72672 1.5613
721.26915 1.56192
720.81267 1.56254
720.35678 1.56314
719.90094 1.56371
719.4462 1.56429
718.99203 1.5649
718.53792 1.5656
718.0849 1.56629
717.63244 1.56698
717.18005 1.56759
716.72874 1.56817
716.27799 1.56875
715.8273 1.56935
715.37769 1.57004
714.92864 1.57073
714.47964 1.57142
714.03172 1.57188
713.58385 1.57226
713.13705 1.57265
712.69081 1.57305
712.24462 1.57354
711.7995 1.57403
711.35493 1.57452
710.91041 1.57514
710.46695 1.57584
710.02405 1.57653
709.58119 1.57721
709.13939 1.5776
708.69814 1.57799
708.25693 1.57838
707.81677 1.57879
707.37717 1.57923
706.9376 1.57966
706.49909 1.5801
706.06061 1.5804
705.62318 1.58068
705.18629 1.58097
704.74945 1.5813
704.31364 1.58173
703.87837 1.58216
703.44314 1.5826
703.00895 1.58297
702.57529 1.58332
702.14167 1.58366
701.70908 1.584
701.27703 1.58448
700.84501 1.58495
700.41401 1.58542
699.98355 1.58584
699.55313 1.58618
699.12372 1.58652
698.69484 1.58686
698.266 1.58713
697.83817 1.58735
697.41038 1.58757
696.98359 1.5878
696.55734 1.58802
696.13111 1.58823
695.70589 1.58845
695.2812 1.58868
694.85653 1.58895
694.43287 1.58922
694.00972 1.58949
693.58661 1.58962
693.1645 1.58962
692.74289 1.58961
692.32133 1.58961
691.90075 1.58923
691.48068 1.58874
691.06065 1.58826
690.6416 1.58778
690.22258 1.58755
689.80455 1.58732
689.38702 1.5871
688.96953 1.58694
688.55301 1.58701
688.137 1.58709
687.72102 1.58716
687.30601 1.58724
686.8915 1.58731
686.47702 1.58738
686.06351 1.58745
685.6505 1.58751
685.23752 1.58756
684.8255 1.58761
684.41398 1.58766
684.00248 1.58758
683.59195 1.58746
683.18191 1.58734
682.77189 1.58722
682.36283 1.58724
681.9538 1.58726
681.54572 1.58728
681.13813 1.58731
680.73056 1.5874
680.32394 1.5875
679.91781 1.5876
679.5117 1.58768
679.10654 1.58769
678.70186 1.58769
678.2972 1.5877
677.89349 1.58751
677.49025 1.58679
677.08704 1.58607
676.68476 1.58535
676.28296 1.58467
675.88118 1.58405
675.48033 1.58344
675.07951 1.58282
674.67961 1.58226
674.28019 1.58179
673.88079 1.58131
673.48231 1.58084
673.0843 1.58045
672.68631 1.58018
672.28925 1.57991
671.89265 1.57964
671.49607 1.57932
671.1004 1.57895
670.70521 1.57857
670.31003 1.57819
669.91576 1.57786
669.52195 1.57757
669.12817 1.57728
668.73529 1.577
668.34287 1.57682
667.95047 1.57677
667.55897 1.57672
667.16749 1.57667
666.77691 1.57653
666.38678 1.57626
665.99667 1.57599
665.60746 1.57572
665.21871 1.57546
664.82996 1.57522
664.44211 1.57499
664.05472 1.57475
663.66733 1.57444
663.28084 1.57391
662.8948 1.57339
662.50876 1.57287
662.12362 1.57234
661.73892 1.57179
661.35423 1.57124
660.97042 1.5707
660.58663 1.57014
660.20371 1.56941
659.82124 1.56868
659.43878 1.56796
659.05719 1.56723
658.67605 1.56678
658.29491 1.56635
657.91465 1.56591
657.53482 1.56548
657.15501 1.56553
656.77606 1.56571
656.39755 1.5659
656.01904 1.56608
655.6414 1.56617
655.2642 1.5662
654.887 1.56623
654.51066 1.56626
654.13475 1.56624
653.75885 1.56615
653.38381 1.56605
653.00877 1.56596
652.63459 1.56588
652.26083 1.56588
651.88708 1.56589
651.51418 1.56589
651.14171 1.56589
650.76924 1.566
650.39762 1.56611
650.02642 1.56622
649.65523 1.56633
649.28488 1.56617
648.91495 1.5659
648.54502 1.56563
648.17594 1.56536
647.80727 1.56497
647.4386 1.56442
647.07078 1.56386
646.70295 1.56331
646.33595 1.56278
645.96938 1.5624
645.6028 1.56203
645.23705 1.56166
644.87172 1.56129
644.50639 1.56095
644.14188 1.56063
643.77779 1.56031
643.4137 1.55999
643.05043 1.55971
642.68757 1.55949
642.3247 1.55926
641.96266 1.55903
641.60103 1.5588
641.23939 1.55858
640.87857 1.55836
640.51815 1.55814
640.15773 1.55792
639.79813 1.55769
639.43852 1.55745
639.07973 1.55722
638.72133 1.55699
638.36293 1.55674
638.00534 1.55646
637.64815 1.55618
637.29095 1.5559
636.93456 1.55563
636.57857 1.55529
636.22257 1.55494
635.86737 1.5546
635.51257 1.55425
635.15776 1.55401
634.80375 1.55388
634.45013 1.55376
634.09651 1.55363
633.74368 1.55351
633.39085 1.55332
633.0388 1.55313
632.68715 1.55294
632.33549 1.55275
631.98461 1.55254
631.63413 1.5523
631.28364 1.55206
630.93393 1.55182
630.58461 1.55158
630.23529 1.55127
629.88674 1.55096
629.53858 1.55065
629.19041 1.55034
628.84302 1.55
628.49601 1.54962
628.14899 1.54924
627.80275 1.54885
627.45689 1.54847
627.11101 1.54826
626.76591 1.54807
626.4208 1.54788
626.07646 1.54769
625.7325 1.54747
625.38852 1.54717
625.04532 1.54686
624.70249 1.54656
624.35964 1.54626
624.01756 1.54605
623.67586 1.54587
623.33414 1.54569
622.99318 1.54551
622.6526 1.54534
622.312 1.54522
621.97216 1.5451
621.63269 1.54498
621.29321 1.54486
620.95448 1.5447
620.61574 1.54447
620.27775 1.54424
619.94013 1.54401
619.60249 1.54378
619.2656 1.54359
618.92908 1.54341
618.59254 1.54324
618.25675 1.54306
617.92133 1.54289
617.58588 1.54282
617.25118 1.54274
616.91685 1.54267
616.58249 1.5426
616.24888 1.54249
615.91563 1.5423
615.58236 1.54211
615.24983 1.54192
614.91766 1.54173
614.58547 1.54139
614.25401 1.54092
613.92254 1.54045
613.59179 1.53999
613.26141 1.53952
612.93101 1.53922
612.60133 1.53898
612.27201 1.53873
611.94267 1.53848
611.61406 1.53824
611.2858 1.53804
610.95752 1.53784
610.62997 1.53764
610.30277 1.53744
609.97554 1.53725
609.64904 1.53707
609.32288 1.5369
608.99671 1.53672
608.67125 1.53655
608.34577 1.53637
608.02101 1.53616
607.6966 1.53595
607.37216 1.53575
607.04844 1.53554
606.72506 1.53535
606.40166 1.53518
606.07897 1.53501
605.75663 1.53484
605.43426 1.53467
605.1126 1.53452
604.79128 1.53438
604.46993 1.53425
604.1493 1.53411
603.829 1.53397
603.50868 1.53384
603.18906 1.53371
602.86978 1.53358
602.55048 1.53346
602.23187 1.53333
601.91324 1.53315
601.59531 1.53295
601.27772 1.53276
600.96009 1.53256
600.64317 1.53236
600.32658 1.53213
600.00996 1.53188
599.69404 1.53163
599.37844 1.53138
599.06283 1.53113
598.7479 1.53091
598.4333 1.53069
598.11868 1.53048
597.80474 1.53026
597.49113 1.53005
597.1775 1.5298
596.86455 1.52953
596.55157 1.52927
596.23928 1.529
595.92731 1.52873
595.61532 1.5286
595.304 1.52855
594.99301 1.5285
594.682 1.52846
594.37166 1.52841
594.06164 1.52837
593.7516 1.52835
593.44223 1.52833
593.13318 1.52831
592.8241 1.52829
592.5157 1.52818
592.20761 1.52794
591.8995 1.5277
591.59206 1.52746
591.28493 1.52722
590.97778 1.52698
590.67129 1.52676
590.36477 1.52654
590.05892 1.52632
589.75339 1.5261
589.44782 1.52589
589.14292 1.52569
588.83833 1.5255
588.53372 1.5253
588.22976 1.5251
587.92611 1.52491
587.62244 1.52481
587.31942 1.52472
587.01672 1.52464
586.71398 1.52455
586.4119 1.52446
586.11013 1.52437
585.80832 1.52428
585.50718 1.52419
585.20599 1.5241
584.90546 1.52401
584.60524 1.52393
584.30498 1.52387
584.00538 1.52381
583.70608 1.52374
583.40675 1.52368
583.10806 1.5236
582.80968 1.52343
582.51126 1.52327
582.21349 1.5231
581.91603 1.52293
581.61853 1.52276
581.32167 1.52266
581.02511 1.52257
580.72852 1.52247
580.43257 1.52238
580.13692 1.52229
579.84124 1.52214
579.54619 1.52193
579.25111 1.52173
578.95666 1.52153
578.66251 1.52132
578.36833 1.52111
578.07478 1.52086
577.78153 1.5206
577.48824 1.52035
577.19558 1.5201
576.90322 1.51984
576.61082 1.51971
576.31905 1.51963
576.02758 1.51954
575.73606 1.51945
575.44518 1.51936
575.15459 1.51924
574.86396 1.51904
574.57395 1.51884
574.28391 1.51864
573.99449 1.51844
573.70536 1.51824
573.4162 1.51813
573.12765 1.51802
572.83939 1.51792
572.5511 1.51782
572.26342 1.51771
571.97603 1.51764
571.68861 1.5176
571.4018 1.51756
571.11527 1.51753
570.82871 1.51749
570.54276 1.51746
570.2571 1.51735
569.9714 1.51723
569.68631 1.51711
569.4015 1.51699
569.11666 1.51688
568.83242 1.51677
568.54814 1.51669
568.26447 1.51661
567.98109 1.51652
567.69766 1.51644
567.41484 1.51636
567.1323 1.51627
566.84972 1.51618
566.56774 1.51609
566.28605 1.516
566.00431 1.51591
565.72317 1.5158
565.44231 1.51556
565.16142 1.51532
564.88112 1.51509
564.60109 1.51485
564.32103 1.51461
564.04156 1.5144
563.76205 1.5142
563.48314 1.514
563.2045 1.5138
562.92582 1.5136
562.64773 1.5134
562.36992 1.51329
562.09206 1.51319
561.8148 1.51309
561.5378 1.51299
561.26077 1.51289
560.98433 1.5128
560.70815 1.51274
560.43194 1.51268
560.15631 1.51262
559.88095 1.51256
559.60555 1.5125
559.33073 1.5125
559.05618 1.51258
558.78159 1.51266
558.50758 1.51274
558.23353 1.51282
557.96005 1.51291
557.68685 1.51287
557.4136 1.51277
557.14093 1.51267
556.86853 1.51257
556.59608 1.51248
556.32421 1.51238
556.0526 1.51231
555.78096 1.51225
555.50988 1.51219
555.23907 1.51213
554.96821 1.51207
554.69793 1.51201
554.42791 1.51189
554.15785 1.51177
553.88835 1.51165
553.61881 1.51153
553.34984 1.5114
553.08113 1.51129
552.81238 1.5112
552.54419 1.51111
552.27626 1.51102
552.00829 1.51093
551.74088 1.51084
551.47373 1.51075
551.20654 1.51067
550.9399 1.51058
550.67353 1.51049
550.40711 1.51041
550.14125 1.51032
549.87565 1.5103
549.61 1.51042
549.34491 1.51053
549.08007 1.51065
548.81519 1.51076
548.55087 1.51088
548.2865 1.51093
548.02268 1.51088
547.75912 1.51082
547.49551 1.51076
547.23245 1.51071
546.96965 1.51065
546.7068 1.51059
546.4445 1.51053
546.18246 1.51048
545.92036 1.51042
545.65882 1.51036
545.39753 1.5103
545.13619 1.51022
544.87539 1.51009
544.61485 1.50997
544.35426 1.50984
544.09421 1.50972
543.83412 1.50959
543.57457 1.50953
543.31527 1.50968
543.05592 1.50982
542.79711 1.50997
542.53855 1.51011
542.27994 1.51025
542.02187 1.51038
541.76405 1.51041
541.50618 1.51044
541.24885 1.51047
540.99176 1.51049
540.73462 1.51052
540.47802 1.51055
540.22166 1.51058
539.96526 1.51062
539.70939 1.51065
539.45376 1.51069
539.19808 1.51072
538.94294 1.51075
538.68775 1.51067
538.43308 1.51056
538.17866 1.51045
537.92419 1.51034
537.67025 1.51023
537.41655 1.51012
537.1628 1.51011
536.90958 1.51017
536.6566 1.51022
536.40356 1.51028
536.15106 1.51033
535.89879 1.51039
535.64647 1.51048
535.39467 1.51063
535.14312 1.51078
534.89151 1.51093
534.64042 1.51108
534.38929 1.51123
534.13867 1.51138
533.88829 1.51159
533.63786 1.51179
533.38795 1.51199
533.13828 1.5122
532.88855 1.5124
532.63934 1.51261
532.39036 1.51278
532.14134 1.51295
531.89283 1.51311
531.64455 1.51327
531.39622 1.51344
531.1484 1.5136
530.90082 1.51374
530.65318 1.51385
530.40606 1.51395
530.15916 1.51406
529.91222 1.51416
529.66579 1.51427
529.4193 1.51438
529.17333 1.51438
528.92758 1.51438
528.68178 1.51439
528.43649 1.51439
528.19143 1.51439
527.94631 1.51439
527.7017 1.51452
527.45732 1.51475
527.21288 1.51499
526.96895 1.51522
526.72525 1.51546
526.48149 1.51569
526.23824 1.51593
525.99521 1.51613
525.75213 1.51633
525.50955 1.51653
525.26691 1.51674
525.02478 1.51694
524.78287 1.51714
524.54091 1.51748
524.29944 1.51793
524.0582 1.51838
523.81691 1.51883
523.57611 1.51929
523.33553 1.51974
523.0949 1.52019
522.85477 1.52024
522.61485 1.52027
522.37488 1.5203
522.13541 1.52034
521.89615 1.52037
521.65684 1.52041
521.41803 1.52042
521.17943 1.52042
520.94078 1.52041
520.70262 1.52041
520.4644 1.5204
520.22667 1.5204
519.98916 1.52039
519.7516 1.52041
519.51452 1.52045
519.27766 1.52048
519.04075 1.52051
518.80432 1.52054
518.56811 1.52057
518.33184 1.52063
518.09606 1.521
517.86049 1.52138
517.62487 1.52175
517.38973 1.52212
517.1548 1.5225
516.91982 1.52287
516.68532 1.52318
516.45076 1.52337
516.21669 1.52356
515.98283 1.52375
515.74891 1.52394
515.51547 1.52412
515.28224 1.52431
515.04896 1.5243
514.81615 1.52413
514.58356 1.52397
514.3509 1.52381
514.11873 1.52364
513.88676 1.52348
513.65474 1.52332
513.42319 1.52329
513.19185 1.52331
512.96046 1.52332
512.72954 1.52333
512.49882 1.52335
512.26805 1.52336
512.03775 1.52337
511.8074 1.5234
511.57751 1.52342
511.34783 1.52344
511.1181 1.52347
510.88883 1.52349
510.65977 1.52351
510.43065 1.52354
510.202 1.52351
509.97355 1.52348
509.74505 1.52345
509.51701 1.52343
509.28918 1.5234
509.06129 1.52337
508.83386 1.52335
508.60664 1.52333
508.37936 1.5233
508.15255 1.52328
507.92567 1.52326
507.69926 1.52324
507.47305 1.52322
507.24678 1.52319
507.02097 1.52311
506.79537 1.52304
506.5697 1.52297
506.3445 1.52289
506.11949 1.52282
505.89443 1.52275
505.66982 1.52268
505.44542 1.52268
505.22095 1.52267
504.99694 1.52267
504.77313 1.52266
504.54927 1.52266
504.32586 1.52265
504.10264 1.52263
503.87937 1.52237
503.65655 1.52211
503.43367 1.52185
503.21124 1.52159
502.98901 1.52133
502.76673 1.52108
502.54489 1.52082
502.32325 1.52011
502.10155 1.5194
501.88029 1.51868
501.65924 1.51797
501.43812 1.51725
501.21746 1.51654
500.99698 1.51583
500.77645 1.51529
500.55637 1.51478
500.33648 1.51428
500.11653 1.51377
