he2022
75
pe
40000 -0.00449
38762.69478 -0.00449
37598.22536 -0.00449
36503.0115 -0.00449
35469.79747 -0.00449
34492.27373 -0.00449
33568.31151 -0.00449
32692.55917 -0.00449
31860.32434 -0.00449
31070.3744 -0.00449
30318.649 -0.00449
29601.56296 -0.00449
28918.44997 -0.00449
28266.15411 -0.00449
27642.636 -0.00449
27045.30088 -0.00449
26473.93641 -0.00449
25926.21399 -0.00449
25400.0508 -0.00449
24895.43916 -0.00449
24410.48675 -0.00449
23943.49336 -0.00449
23494.5845 -0.00449
23062.19875 -0.00449
22644.92754 -0.00449
22242.98234 -0.00449
21855.05726 -0.00449
21479.96993 -0.00449
21117.98619 -0.00449
20768.00066 -0.00449
20429.00919 -0.00449
20101.31061 -0.00449
19783.95917 -0.00449
19476.0931 -0.00449
19178.02965 -0.00449
18888.95185 -0.00449
18608.45941 -0.00449
18335.83923 -0.00449
18071.41824 -0.00449
17814.51527 -0.00449
17564.50565 -0.00449
17321.71624 -0.00449
17085.54734 -0.00449
16855.44768 -0.00449
16631.74001 -0.00449
16413.89272 -0.00449
16201.416 -0.00449
15994.62581 -0.00449
15793.0479 -0.00449
15596.24442 -0.00449
15404.52277 -0.00449
15217.45747 -0.00449
15034.65488 -0.00449
14856.41277 -0.00449
14682.34741 -0.00449
14512.10309 -0.00449
14345.96735 -0.00449
14183.59242 -0.00449
14024.65534 -0.00449
13869.43316 -0.00449
13717.6093 -0.00449
13569.07337 -0.00449
13423.53952 -0.00449
13281.27075 -0.00449
13141.98602 -0.00449
13005.42326 -0.00449
12871.83514 -0.00449
12740.96347 -0.00449
12612.56716 -0.00449
12486.88877 -0.00449
12363.69031 -0.00449
12242.74923 -0.00449
12124.29831 -0.00449
12008.11749 -0.00449
11894.00067 -0.00449
11782.17122 -0.00449
11672.42506 -0.00449
11564.57078 -0.00449
11458.82272 -0.00449
11354.99109 -0.00449
11252.89762 -0.00449
11152.74804 -0.00449
11054.36537 -0.00449
10957.5832 -0.00449
10862.59899 -0.00449
10769.24734 -0.00449
10677.48652 -0.00449
10587.16412 -0.00449
10498.46722 -0.00449
10411.24414 -0.00449
10325.35184 -0.00449
10240.97002 -0.00449
10157.95622 -0.00449
10076.17589 -0.00449
9995.80176 -0.00449
9916.69972 -0.00449
9838.743 -0.00449
9762.09768 -0.00449
9686.63728 -0.00449
9612.24215 -0.00449
9539.07204 -0.00449
9467.00748 -0.00449
9395.93532 -0.00449
9326.00931 -0.00449
9257.11641 -0.00449
9189.14945 -0.00449
9122.25648 -0.00449
9056.33037 -0.00449
8991.35032 -0.00449
8927.2164 -0.00449
8864.06949 -0.00449
8801.80965 -0.00449
8740.34192 -0.00449
8679.8021 -0.00449
8620.09517 -0.00449
8561.13075 -0.00449
8503.03984 -0.00449
8445.73195 -0.00449
8389.12099 -0.00449
8333.33333 -0.00449
8278.28275 -0.00449
8223.8871 -0.00449
8170.26839 -0.00449
8117.34433 -0.00449
8065.03645 -0.00449
8013.46262 -0.00449
7962.54419 -0.00449
7912.20616 -0.00449
7862.56241 -0.00449
7813.53774 -0.00449
7765.06033 -0.00449
7717.24031 -0.00449
7670.00568 -0.00449
7623.34573 -0.00449
7577.19265 -0.00449
7531.65177 -0.00449
7486.65504 -0.00449
7442.13738 -0.00449
7398.20076 -0.00449
7354.77987 -0.00449
7311.81223 -0.00449
7269.39657 -0.00449
7227.47017 -0.00449
7185.97298 -0.00449
7145.00064 -0.00449
7104.49288 -0.00449
7064.39193 -0.00449
7024.79049 -0.00449
6985.63056 -0.00449
6946.85655 -0.00449
6908.55832 -0.00449
6870.68006 -0.00449
6833.1682 -0.00449
6796.10991 -0.00449
6759.4514 -0.00449
6723.18625 -0.00449
6687.26344 -0.00449
6651.76671 -0.00449
6616.64483 -0.00449
6581.84858 -0.00449
6547.45926 -0.00449
6513.42743 -0.00449
6479.70556 -0.00449
6446.37263 -0.00449
6413.38088 -0.00449
6380.68439 -0.00449
6348.3599 -0.00449
6316.36127 -0.00449
6284.6441 -0.00449
6253.28297 -0.00449
6222.23328 -0.00449
6191.45208 -0.00449
6161.01188 -0.00449
6130.86954 -0.00449
6100.98348 -0.00449
6071.42423 -0.00449
6042.15004 -0.00449
6013.12063 -0.00449
5984.40464 -0.00449
5955.96162 -0.00449
5927.78769 -0.00449
5899.84424 -0.00449
5872.19749 -0.00449
5844.80864 -0.00449
5817.64025 -0.00449
5790.75679 -0.00449
5764.12065 -0.00449
5737.69551 -0.00449
5711.54417 -0.00449
5685.63014 -0.00449
5659.91816 -0.00449
5634.46943 -0.00449
5609.24853 -0.00449
5584.22122 -0.00449
5559.44717 -0.00449
5534.89196 -0.00449
5510.52234 -0.00449
5486.39648 -0.00449
5462.48095 -0.00449
5438.74343 -0.00449
5415.24065 -0.00449
5391.94013 -0.00449
5368.81043 -0.00449
5345.90691 -0.00449
5323.19796 -0.00449
5300.68114 -0.00449
5278.32614 -0.00449
5256.18653 -0.00449
5234.23188 -0.00449
5212.43269 -0.00449
5190.84128 -0.00449
5169.428 -0.00449
5148.16416 -0.00449
5127.10083 -0.00449
5106.20915 -0.00449
5085.46118 -0.00449
5064.90678 -0.00449
5044.51787 -0.00449
5024.26721 -0.00449
5004.20353 -0.00449
4984.29946 -0.00449
4964.52844 -0.00449
4944.93811 -0.00449
4925.50179 -0.00449
4906.19358 -0.00449
4887.06004 -0.00449
4868.07516 -0.00449
4849.23721 -0.00449
4830.52116 -0.00449
4811.97219 -0.00449
4793.56512 -0.00449
4775.27553 -0.00449
4757.14761 -0.00449
4739.15681 -0.00449
4721.27928 -0.00449
4703.55824 -0.00449
4685.96974 -0.00449
4668.49049 -0.00449
4651.16279 -0.00449
4633.96324 -0.00449
4616.86912 -0.00449
4599.9218 -0.00449
4583.09845 -0.00449
4566.37685 -0.00449
4549.79753 -0.00449
4533.33817 -0.00449
4516.97706 -0.00449
4500.75388 -0.00449
4484.64681 -0.00449
4468.63465 -0.00449
4452.75626 -0.00449
4436.9903 -0.00449
4421.3356 -0.00449
4405.77156 -0.00449
4390.33599 -0.0048
4375.0082 -0.00472
4359.76806 -0.00498
4344.6526 -0.00447
4329.64159 -0.00447
4314.71534 -0.00448
4299.91013 -0.00449
4285.20618 -0.0045
4270.58422 -0.00451
4256.07981 -0.00452
4241.67359 -0.00453
4227.34671 -0.00453
4213.13402 -0.00454
4199.01659 -0.00455
4184.97594 -0.00456
4171.04627 -0.00457
4157.20902 -0.00458
4143.4461 -0.00458
4129.79107 -0.00457
4116.22575 -0.00455
4102.74925 -0.00454
4089.34399 -0.00453
4076.04265 -0.00451
4062.82757 -0.0045
4049.68149 -0.00449
4036.63651 -0.00448
4023.67531 -0.00446
4010.78098 -0.00448
3997.98502 -0.0045
3985.27044 -0.00453
3972.6207 -0.00455
3960.06669 -0.00457
3947.59177 -0.00459
3935.17972 -0.00462
3922.86086 -0.00464
3910.61889 -0.00466
3898.4379 -0.00468
3886.34765 -0.0047
3874.33216 -0.00469
3862.37582 -0.00468
3850.50788 -0.00467
3838.71265 -0.00465
3826.97481 -0.00464
3815.3231 -0.00463
3803.74212 -0.00462
3792.23124 -0.0046
3780.77551 -0.00459
3769.403 -0.00455
3758.0987 -0.00445
3746.84796 -0.00435
3735.67834 -0.00424
3724.57512 -0.00414
3713.52391 -0.00403
3702.5518 -0.00393
3691.64433 -0.00372
3680.78739 -0.00328
3670.0076 -0.00284
3659.29076 -0.00241
3648.62301 -0.00197
3638.03052 -0.00164
3627.49935 -0.00135
3617.01589 -0.00106
3606.60586 -7.69411E-4
3596.25558 -4.77953E-4
3585.95168 -7.79168E-5
3575.71943 5.16208E-4
3565.54542 0.00111
3555.4165 0.00202
3545.35753 0.00296
3535.35532 0.00583
3525.40939 0.01356
3515.5069 0.02263
3505.67218 0.03379
3495.89233 0.04828
3486.15474 0.06651
3476.48333 0.08825
3466.86543 0.11369
3457.28866 0.14161
3447.77653 0.17166
3438.3166 0.20247
3428.89668 0.23217
3419.53994 0.26216
3410.23411 0.28925
3400.96724 0.3149
3391.76209 0.33832
3382.60664 0.35889
3373.4891 0.37918
3364.4319 0.39901
3355.4232 0.41979
3346.45142 0.44129
3337.53863 0.46401
3328.67319 0.48782
3319.85472 0.51312
3311.07189 0.5381
3302.34632 0.55999
3293.66661 0.57966
3285.02162 0.59211
3276.43262 0.60021
3267.88842 0.59945
3259.37805 0.59353
3250.92245 0.58257
3242.51061 0.56856
3234.13173 0.55122
3225.80645 0.53185
3217.52392 0.51277
3209.27352 0.49203
3201.07556 0.47093
3192.91938 0.44903
3184.79452 0.42601
3176.72099 0.40204
3168.68829 0.37666
3160.68612 0.35043
3152.73421 0.32361
3144.82221 0.29595
3136.93998 0.26819
3129.10695 0.24075
3121.31295 0.214
3113.55768 0.18833
3105.8312 0.16424
3098.15257 0.14129
3090.51182 0.12154
3082.89916 0.10356
3075.33337 0.08811
3067.80462 0.0761
3060.30328 0.06594
3052.84785 0.05779
3045.42866 0.05134
3038.03621 0.04615
3030.68875 0.04172
3023.37675 0.03794
3016.09084 0.03475
3008.84902 0.03227
3001.6419 0.03003
2994.46025 0.02774
2987.32181 0.02606
2980.21732 0.02451
2973.1377 0.02317
2966.10044 0.02178
2959.09641 0.02081
2952.12538 0.01977
2945.17845 0.01862
2938.27277 0.01804
2931.39939 0.01748
2924.54955 0.01683
2917.74015 0.01612
2910.96239 0.01579
2904.20762 0.01533
2897.49251 0.01478
2890.80839 0.01458
2884.14671 0.01406
2877.52395 0.01381
2870.93153 0.01342
2864.36105 0.01318
2857.82874 0.01288
2851.32615 0.01238
2844.845 0.01226
2838.4013 0.01219
2831.98672 0.01195
2825.59309 0.01173
2819.23621 0.01172
2812.90787 0.01136
2806.6 0.01121
2800.3282 0.01094
2794.08436 0.01071
2787.86831 0.01081
2781.67212 0.01071
2775.51111 0.01045
2769.37733 0.01017
2763.26297 0.01039
2757.18315 0.00994
2751.13003 0.01005
2745.09589 0.0101
2739.09566 0.00981
2733.12161 0.00954
2727.16612 0.00978
2721.24394 0.00951
2715.34742 0.00967
2709.46905 0.0095
2703.6234 0.00929
2697.80291 0.00932
2692.00018 0.00946
2686.22958 0.00912
2680.48367 0.00926
2674.75513 0.00941
2669.05814 0.00916
2663.38538 0.00929
2657.72961 0.00934
2652.10484 0.00921
2646.50384 0.00916
2640.92644 0.0094
2635.36555 0.00938
2629.83495 0.00936
2624.32752 0.00952
2618.83624 0.00956
2613.37473 0.00949
2607.93595 0.00983
2602.51299 0.00983
2597.11928 0.00981
2591.74787 0.00998
2586.39196 0.00977
2581.06479 0.01017
2575.75953 0.01
2570.46942 0.01019
2565.20758 0.01012
2559.96723 0.01029
2554.74173 0.0106
2549.54401 0.01077
2544.36741 0.01064
2539.20533 0.01088
2534.07058 0.01099
2528.95655 0.01097
2523.86313 0.01115
2518.78383 0.01152
2513.73126 0.01129
2508.69891 0.01157
2503.68041 0.01169
2498.68819 0.0118
2493.71584 0.01221
2488.75704 0.01214
2483.8241 0.01227
2478.91067 0.01227
2474.01052 0.01267
2469.1358 0.0128
2464.28026 0.01295
2459.43772 0.01309
2454.62021 0.01323
2449.82153 0.01338
2445.0356 0.01353
2440.27429 0.01366
2435.53148 0.01381
2430.80117 0.01396
2426.09508 0.0141
2421.40718 0.01425
2416.73152 0.01448
2412.0797 0.01471
2407.44575 0.01493
2402.82957 0.01516
2398.22531 0.0154
2393.6444 0.01564
2389.08094 0.01588
2384.52917 0.01611
2380.00038 0.01636
2375.48876 0.01661
2370.98858 0.01684
2366.51103 0.01705
2362.05035 0.01727
2357.60091 0.01749
2353.17373 0.0177
2348.76314 0.01794
2344.36356 0.01815
2339.98591 0.01837
2335.62458 0.0186
2331.27404 0.01882
2326.94509 0.01904
2322.63219 0.01928
2318.32988 0.01952
2314.04882 0.01974
2309.78355 0.01998
2305.53397 0.02022
2301.29471 0.02047
2297.07628 0.0207
2292.87329 0.02094
2288.68042 0.02118
2284.50807 0.02143
2280.3509 0.02178
2276.20366 0.0222
2272.07663 0.02252
2267.96455 0.02328
2263.86219 0.02339
2259.77976 0.02364
2255.71203 0.02402
2251.65384 0.02441
2247.61528 0.02476
2243.59118 0.02515
2239.57645 0.02532
2235.58106 0.02547
2231.5999 0.02563
2227.62793 0.02581
2223.67502 0.0259
2219.73612 0.02566
2215.80623 0.02588
2211.89513 0.02567
2207.99781 0.02556
2204.1142 0.02555
2200.23939 0.02517
2196.383 0.02479
2192.5401 0.02444
2188.70584 0.02391
2184.88974 0.02347
2181.08692 0.02315
2177.29258 0.02248
2173.51614 0.02196
2169.75278 0.02154
2165.99773 0.02102
2162.26034 0.02082
2158.53582 0.01991
2154.81947 0.01929
2151.12052 0.01905
2147.43425 0.01832
2143.75599 0.01789
2140.09489 0.01743
2136.44628 0.01675
2132.80554 0.01622
2129.18171 0.01555
2125.57018 0.01516
2121.96638 0.01516
2118.37927 0.01435
2114.80426 0.01394
2111.2413 0.01304
2107.68589 0.01358
2104.14685 0.01294
2100.61968 0.01214
2097.09992 0.01226
2093.59632 0.01134
2090.1044 0.01106
2086.61976 0.01085
2083.15106 0.01054
2079.69387 0.01016
2076.24383 0.01
2072.80951 0.00958
2069.38653 0.00937
2065.97057 0.00948
2062.57013 0.00882
2059.18086 0.00831
2055.79848 0.00826
2052.43141 0.00782
2049.07535 0.00754
2045.72607 0.00786
2042.39189 0.00748
2039.06855 0.00691
2035.75602 0.00682
2032.4501 0.00635
2029.15902 0.00661
2025.87857 0.00618
2022.60463 0.00573
2019.34533 0.00566
2016.09651 0.00565
2012.85409 0.00563
2009.62611 0.00517
2006.40847 0.00518
2003.1971 0.005
2000 0.00477
1996.81309 0.00459
1993.63234 0.00471
1990.46567 0.00447
1987.30904 0.00459
1984.15848 0.0045
1981.02181 0.00408
1977.89504 0.00365
1974.77423 0.00368
1971.66714 0.00372
1968.56981 0.00361
1965.47834 0.00345
1962.40041 0.00353
1959.3321 0.00325
1956.27338 0.00377
1953.22037 0.00337
1950.18068 0.00315
1947.15044 0.0034
1944.12582 0.00316
1941.11435 0.00297
1938.1122 0.00292
1935.11557 0.00317
1932.13193 0.00292
1929.15748 0.0029
1926.18846 0.00307
1923.23226 0.00307
1920.28512 0.00294
1917.34333 0.00316
1914.4142 0.00308
1911.494 0.00318
1908.57906 0.00271
1905.67663 0.00293
1902.78301 0.00318
1899.89456 0.00293
1897.01846 0.00315
1894.15105 0.00308
1891.2923 0.0032
1888.4386 0.0031
1885.59706 0.00324
1882.76405 0.00337
1879.93601 0.0033
1877.11997 0.00369
1874.31236 0.00342
1871.50963 0.00355
1868.71877 0.00372
1865.93621 0.00412
1863.15846 0.00411
1860.39243 0.00389
1857.6346 0.00415
1854.88149 0.00416
1852.13996 0.00434
1849.40653 0.0046
1846.67773 0.00459
1843.96038 0.00509
1841.25102 0.00493
1838.54622 0.00517
1835.85274 0.00507
1833.16713 0.00532
1830.48601 0.0055
1827.81607 0.00587
1825.15391 0.00587
1822.49949 0.00623
1819.84946 0.00618
1817.21044 0.00638
1814.57905 0.00645
1811.952 0.00697
1809.33581 0.00747
1806.72717 0.00762
1804.12278 0.008
1801.52914 0.00841
1798.94294 0.00886
1796.36093 0.00885
1793.78954 0.00945
1791.2255 0.00991
1788.66558 0.01026
1786.11616 0.01044
1783.574 0.01128
1781.03589 0.01153
1778.50815 0.01219
1775.98758 0.01279
1773.471 0.01349
1770.96468 0.01386
1768.46543 0.01449
1765.97011 0.01532
1763.48493 0.0163
1761.00673 0.01699
1758.53549 0.01794
1756.06809 0.0188
1753.61068 0.0199
1751.16014 0.02118
1748.71338 0.02218
1746.2765 0.02364
1743.8464 0.02488
1741.42002 0.02652
1739.00341 0.02784
1736.5935 0.02946
1734.18725 0.03156
1731.79065 0.03306
1729.40068 0.03514
1727.0143 0.03683
1724.63748 0.03837
1722.26719 0.04067
1719.90045 0.04254
1717.54316 0.04479
1715.19232 0.04638
1712.84497 0.04768
1710.50696 0.04969
1708.17533 0.05085
1705.85004 0.05285
1703.52818 0.05428
1701.21552 0.05594
1698.90913 0.05686
1696.60611 0.05819
1694.31219 0.05909
1692.02447 0.05966
1689.74007 0.06038
1687.46467 0.06145
1685.19539 0.06226
1682.92937 0.06255
1680.67227 0.06269
1678.42121 0.063
1676.17336 0.06324
1673.93433 0.06335
1671.70127 0.06355
1669.47138 0.0636
1667.2502 0.0637
1665.03493 0.06378
1662.82277 0.0636
1660.61924 0.06315
1658.42155 0.06303
1656.22692 0.06337
1654.04082 0.06368
1651.86049 0.06336
1649.6859 0.0624
1647.51431 0.06229
1645.35114 0.06186
1643.19365 0.06085
1641.03911 0.06006
1638.8929 0.05965
1636.75229 0.05934
1634.6146 0.05834
1632.48515 0.05779
1630.36124 0.05771
1628.2402 0.05708
1626.12731 0.05674
1624.0199 0.05682
1621.91532 0.05673
1619.81881 0.05612
1617.72771 0.05595
1615.63939 0.05576
1613.55906 0.0554
1611.48408 0.05483
1609.41184 0.0549
1607.34751 0.05482
1605.28846 0.05444
1603.23469 0.05438
1601.18359 0.05423
1599.1403 0.05411
1597.10222 0.05375
1595.06678 0.05372
1593.03906 0.05361
1591.01648 0.05346
1588.99652 0.05314
1586.98419 0.05279
1584.97695 0.05249
1582.97228 0.0518
1580.97518 0.05169
1578.9831 0.05167
1576.99356 0.05175
1575.0115 0.0513
1573.03441 0.05096
1571.05982 0.05095
1569.09264 0.05058
1567.13038 0.05015
1565.17057 0.05027
1563.2181 0.04956
1561.2705 0.04953
1559.32531 0.04974
1557.38739 0.04935
1555.45428 0.04871
1553.52596 0.04874
1551.60001 0.04872
1549.68123 0.0483
1547.76719 0.04763
1545.85548 0.04755
1543.95088 0.04741
1542.05096 0.04731
1540.15334 0.04744
1538.26275 0.04721
1536.37679 0.04622
1534.4931 0.04616
1532.61638 0.04588
1530.74423 0.04579
1528.87432 0.0455
1527.0113 0.04555
1525.15282 0.04522
1523.29654 0.04486
1521.44708 0.04496
1519.60211 0.04433
1517.7593 0.0443
1515.92326 0.04403
1514.09165 0.04364
1512.26218 0.04342
1510.4394 0.04303
1508.62101 0.04326
1506.807 0.04373
1504.99508 0.04318
1503.18977 0.04276
1501.38878 0.04224
1499.58986 0.04168
1497.79749 0.04144
1496.00939 0.04203
1494.22333 0.04131
1492.44376 0.04111
1490.66842 0.04082
1488.89508 0.04071
1487.12816 0.04071
1485.36544 0.04064
1483.60468 0.04032
1481.8503 0.04027
1480.10005 0.04012
1478.35176 0.03976
1476.60976 0.03922
1474.87187 0.03921
1473.13589 0.03937
1471.40616 0.03898
1469.68049 0.03899
1467.95886 0.03863
1466.23911 0.0384
1464.52553 0.03876
1462.81595 0.03837
1461.10822 0.03818
1459.40661 0.03801
1457.70895 0.03784
1456.01312 0.03766
1454.32334 0.0375
1452.63748 0.03732
1450.95342 0.03714
1449.27536 0.03699
1447.60118 0.0368
1445.92877 0.03662
1444.26231 0.03646
1442.59968 0.03629
1440.9388 0.03613
1439.28381 0.03594
1437.63262 0.03578
1435.98315 0.03561
1434.33952 0.03542
1432.69965 0.03526
1431.06148 0.03508
1429.42909 0.0349
1427.80042 0.03471
1426.17545 0.03453
1424.55216 0.03434
1422.93457 0.03412
1421.32066 0.03393
1419.70839 0.03374
1418.10179 0.03355
1416.49881 0.03336
1414.89746 0.03318
1413.30171 0.03299
1411.70957 0.0328
1410.11901 0.03261
1408.53403 0.03242
1406.9526 0.03223
1405.37274 0.03204
1403.7984 0.03181
1402.22758 0.03164
1400.65831 0.03151
1399.09451 0.03136
1397.53419 0.03124
1395.9754 0.03113
1394.42203 0.031
1392.87212 0.03085
1391.32564 0.03073
1389.78066 0.03062
1388.24104 0.03049
1386.70483 0.03035
1385.17009 0.03023
1383.64066 0.03011
1382.11461 0.02996
1380.59001 0.02984
1379.07067 0.02972
1377.55468 0.02961
1376.04011 0.02945
1374.53077 0.02934
1373.02473 0.02922
1371.52011 0.0291
1370.02066 0.02895
1368.52448 0.02884
1367.0297 0.02869
1365.54005 0.02852
1364.05364 0.02833
1362.56861 0.02814
1361.08865 0.02797
1359.61191 0.0278
1358.13653 0.02761
1356.66618 0.02742
1355.19902 0.02725
1353.73502 0.02708
1352.27236 0.0269
1350.81468 0.02671
1349.36013 0.02652
1347.9069 0.02636
1346.45861 0.02617
1345.01343 0.02598
1343.56954 0.02579
1342.13055 0.02563
1340.69464 0.02545
1339.26001 0.02525
1337.83023 0.02508
1336.4035 0.02493
1334.97803 0.0248
1333.55737 0.02465
1332.13974 0.02453
1330.72334 0.02441
1329.31172 0.02425
1327.90309 0.02412
1326.49569 0.024
1325.09302 0.02385
1323.69332 0.02372
1322.29482 0.02359
1320.90101 0.02346
1319.51015 0.02331
1318.1222 0.02319
1316.73544 0.02307
1315.35333 0.02291
1313.97411 0.02278
1312.59607 0.02266
1311.22262 0.02252
1309.85205 0.02238
1308.48263 0.02225
1307.11778 0.02213
1305.75577 0.02201
1304.3949 0.02185
1303.03856 0.02173
1301.68503 0.02161
1300.33263 0.02147
1298.98471 0.0213
1297.63959 0.02111
1296.29558 0.02092
1294.95602 0.02073
1293.61922 0.02054
1292.28352 0.02035
1290.95223 0.02016
1289.62369 0.01997
1288.29788 0.01978
1286.97313 0.01959
1285.65276 0.01939
1284.33509 0.0192
1283.01848 0.01899
1281.70621 0.01878
1280.39662 0.01859
1279.08806 0.01839
1277.78381 0.0182
1276.48222 0.018
1275.18165 0.01781
1273.88535 0.01761
1272.59168 0.01742
1271.29903 0.01722
1270.0106 0.01702
1268.72479 0.01683
1267.43997 0.01663
1266.15936 0.01645
1264.88133 0.01629
1263.60428 0.01612
1262.3314 0.01596
1261.06108 0.01579
1259.79173 0.01563
1258.52652 0.01547
1257.26384 0.0153
1256.0037 0.01514
1254.7445 0.01497
1253.4894 0.01481
1252.23681 0.01463
1250.98515 0.01444
1249.73756 0.01427
1248.49245 0.01411
1247.24826 0.01394
1246.0081 0.01377
1244.77041 0.01361
1243.53363 0.01344
1242.30084 0.01328
1241.0705 0.01311
1239.84105 0.01294
1238.61557 0.01277
1237.39252 0.01261
1236.17034 0.01244
1234.95211 0.01227
1233.73627 0.0121
1232.52131 0.01193
1231.31025 0.01179
1230.10157 0.01165
1228.89526 0.01153
1227.68981 0.01142
1226.48822 0.01128
1225.28898 0.01117
1224.09059 0.01106
1222.89604 0.01095
1221.70381 0.01081
1220.51242 0.0107
1219.32484 0.01058
1218.13956 0.01046
1216.95511 0.01034
1215.77443 0.01024
1214.59604 0.01012
1213.41847 0.00999
1212.24464 0.00989
1211.07308 0.00975
1209.90232 0.00963
1208.73529 0.00952
1207.5705 0.00937
1206.4065 0.00927
1205.2462 0.00916
1204.08812 0.00905
1202.93082 0.00891
1201.77719 0.0088
1200.62577 0.00867
1199.47655 0.00855
1198.32809 0.00843
1197.18327 0.00833
1196.04063 0.00822
1194.89874 0.00811
1193.76045 0.00801
1192.62433 0.0079
1191.48896 0.00779
1190.35715 0.00768
1189.2275 0.00754
1188.09858 0.00742
1186.97321 0.00731
1185.84996 0.0072
1184.72744 0.0071
1183.60844 0.00699
1182.49156 0.00688
1181.37538 0.00677
1180.2627 0.00664
1179.15212 0.00651
1178.04224 0.0064
1176.93582 0.00629
1175.83149 0.00617
1174.72784 0.00607
1173.62765 0.00595
1172.52951 0.00584
1171.43342 0.00573
1170.33802 0.00559
1169.24602 0.00546
1168.15607 0.00544
1167.06678 0.00567
1165.98088 0.00556
1164.89699 0.0053
1163.81377 0.00493
1162.73391 0.00499
1161.65606 0.00449
1160.57885 0.00352
1159.50498 0.00267
1158.4331 0.00315
1157.36186 0.00412
1156.29394 0.00396
1155.22798 0.00384
1154.16266 0.00377
1153.10063 0.00379
1152.04055 0.00375
1150.9811 0.00372
1149.92491 0.00373
1148.87066 0.00395
1147.81834 0.0043
1146.76663 0.00481
1145.71816 0.0034
1144.67161 0.00239
1143.62566 0.00247
1142.58292 0.00282
1141.54209 0.0034
1140.50184 0.00429
1139.46479 0.00407
1138.42963 0.00367
1137.39505 0.00318
1136.36364 0.00307
1135.33409 0.00291
1134.30513 0.0026
1133.27931 0.00242
1132.25535 0.00236
1131.23196 0.00245
1130.21169 0.00304
1129.19326 0.00344
1128.17539 0.00299
1127.16063 0.003
1126.14769 0.00323
1125.1353 0.0037
1124.12599 0.00295
1123.1185 0.00173
1122.1128 0.00202
1121.10765 0.00204
1120.10556 0.00186
1119.10525 0.00142
1118.10548 0.00111
1117.10874 9.74721E-4
1116.11378 6.34371E-4
1115.11935 6.27366E-4
1114.12792 0.00145
1113.13826 0.00165
1112.14912 0.00152
1111.16297 7.79361E-4
1110.17856 0.00136
1109.19467 0.00293
1108.21375 0.00238
1107.23456 0.00177
1106.25588 0.00113
1105.28014 0.00123
1104.30613 0.00152
1103.33262 0.00187
1102.36203 0.00196
1101.39315 0.00188
1100.42597 0.00178
1099.45929 0.00139
1098.4955 4.77705E-4
1097.5334 3.93177E-4
1096.57179 5.30375E-4
1095.61306 2.96304E-4
1094.656 2.25452E-4
1093.69942 3.18569E-4
1092.7457 3.65406E-4
1091.79364 4.13194E-4
1090.84205 4.88116E-4
1089.89331 8.07108E-4
1088.94622 0.0013
1087.99958 2.75799E-4
1087.05577 -5.47375E-4
1086.1136 -6.55475E-4
1085.17189 -9.40626E-4
1084.23298 -0.00133
1083.29569 -4.08968E-4
1082.35885 2.06148E-4
1081.4248 6.06605E-5
1080.49236 -7.8999E-4
1079.56036 -0.00204
1078.63113 -0.00185
1077.7035 -0.00151
1076.77746 -8.97373E-4
1075.85186 -5.11084E-4
1074.929 -2.75537E-4
1074.00772 -7.37609E-4
1073.08687 -0.00117
1072.16875 -0.00125
1071.2522 -0.00149
1070.33606 -0.00188
1069.42264 -0.00199
1068.51077 -0.00201
1067.59932 -0.00174
1066.69056 -0.00165
1065.78335 -0.00183
1064.87654 -0.00199
1063.9724 -0.00214
1063.06981 -0.00273
1062.16761 -0.00331
1061.26807 -0.00379
1060.37005 -0.00402
1059.47243 -0.00398
1058.57744 -0.00386
1057.68397 -0.00372
1056.79089 -0.00411
1055.90042 -0.00422
1055.01146 -0.00343
1054.124 -0.00257
1053.23691 -0.00162
1052.35243 -0.00206
1051.46943 -0.00303
1050.58681 -0.0034
1049.70676 -0.00379
1048.8282 -0.00441
1047.95 -0.00445
1047.07437 -0.00367
1046.2002 -0.00369
1045.3264 -0.00416
1044.45514 -0.00472
1043.58534 -0.00526
1042.7159 -0.0053
1041.84899 -0.00495
1040.98352 -0.00347
1040.11841 -0.00285
1039.25581 -0.00325
1038.39464 -0.00351
1037.53382 -0.00368
1036.67551 -0.00376
1035.81861 -0.00381
1034.96312 -0.00364
1034.10798 -0.00357
1033.25532 -0.00389
1032.40407 -0.00425
1031.55315 -0.00468
1030.70469 -0.0048
1029.85763 -0.00464
1029.0109 -0.00445
1028.16662 -0.00424
1027.32373 -0.00431
1026.48116 -0.00443
1025.64103 -0.00443
1024.80226 -0.00451
1023.96383 -0.00523
1023.1278 -0.00546
1022.29315 -0.0043
1021.45881 -0.00364
1020.62687 -0.00376
1019.79629 -0.00365
1018.96601 -0.00332
1018.13813 -0.00353
1017.31159 -0.00404
1016.48536 -0.00347
1015.6615 -0.00252
1014.83898 -0.00206
1014.01778 -0.00168
1013.19689 -5.31084E-4
1012.37835 4.39926E-4
1011.56113 -0.00263
1010.74421 -0.00508
1009.92963 -0.0036
1009.11636 -0.00246
1008.30338 -0.00249
1007.49272 -0.0025
1006.68337 -0.00246
1005.87431 -0.00265
1005.06755 -0.00323
1004.26209 -0.00313
1003.45691 -0.00213
1002.65403 -0.00131
1001.85243 -6.68292E-4
1001.0511 -1.91738E-4
1000.25206 1.50454E-4
999.4543 -6.2447E-4
998.65681 -0.00214
997.86158 -0.00173
997.06762 -2.43599E-4
996.27493 8.67441E-4
995.4825 0.0018
994.69232 0.00205
993.9034 0.00201
993.11474 0.00148
992.32831 7.83376E-4
991.54313 0.00233
990.75821 0.00463
989.97551 0.0062
989.19404 0.00754
988.41284 0.00748
987.63384 0.00699
986.85606 0.00742
986.07854 0.00813
985.30322 0.00755
984.52911 0.00654
983.75525 0.00735
982.98357 0.0088
982.2131 0.00977
981.44288 0.01055
980.67482 0.01148
979.90797 0.01247
979.14135 0.01265
978.37689 0.01241
977.61363 0.01381
976.85155 0.01623
976.08971 0.01832
975.33 0.02015
974.57148 0.02093
973.81319 0.02072
973.05702 0.02109
972.30203 0.02216
971.54727 0.02328
970.79461 0.02447
970.04313 0.0255
969.29186 0.02616
968.5427 0.02702
967.7947 0.02853
967.04691 0.03004
966.30121 0.03151
965.55666 0.03301
964.81233 0.03492
964.07007 0.03682
963.32896 0.03903
962.58805 0.04126
961.84921 0.04194
961.11151 0.04235
960.37401 0.04375
959.63856 0.0455
958.90424 0.04724
958.17104 0.04896
957.43805 0.05049
956.70709 0.05182
955.97725 0.05316
955.2476 0.0545
954.51999 0.05599
953.79348 0.05801
953.06716 0.06005
952.34286 0.06248
951.61966 0.06491
950.89665 0.06857
950.17564 0.07235
949.45572 0.07331
948.736 0.07332
948.01826 0.07273
947.30161 0.07171
946.58515 0.07239
945.87066 0.07564
945.15725 0.07871
944.44402 0.08111
943.73277 0.08353
943.02258 0.0864
942.31345 0.08927
941.60451 0.0906
940.89752 0.0916
940.19159 0.09332
939.48584 0.09548
938.78202 0.09763
938.07926 0.09977
937.37668 0.10176
936.67602 0.10312
935.97641 0.10448
935.27696 0.1044
934.57944 0.10425
933.88295 0.10891
933.18664 0.11539
932.49223 0.11982
931.79885 0.12204
931.10563 0.12447
930.41431 0.12765
929.72402 0.13083
929.03389 0.13184
928.34564 0.13279
927.65841 0.13437
926.97134 0.13622
926.28615 0.13838
925.60197 0.14098
924.91879 0.14352
924.23577 0.14582
923.55461 0.14812
922.87446 0.14988
922.19445 0.15156
921.5163 0.15363
920.83914 0.15599
920.16213 0.15836
919.48696 0.16075
918.81278 0.16313
918.13875 0.1659
917.46654 0.16869
916.79532 0.17096
916.12424 0.17292
915.45499 0.17509
914.7867 0.17772
914.11856 0.18036
913.45223 0.18285
912.78687 0.18534
912.12164 0.18739
911.45821 0.18918
910.79575 0.1911
910.13425 0.19336
909.47289 0.19561
908.81331 0.1979
908.15468 0.20018
907.49619 0.2027
906.83947 0.20541
906.18371 0.20798
905.52807 0.20981
904.8742 0.21164
904.22127 0.21369
903.56846 0.2158
902.91742 0.21802
902.26731 0.22043
901.61732 0.22283
900.96908 0.22617
900.32178 0.22951
899.67459 0.23106
899.02914 0.23132
898.38461 0.23185
897.74021 0.2337
897.09753 0.23555
896.45577 0.23764
895.81413 0.23982
895.17421 0.24224
894.5352 0.24521
893.8971 0.24817
893.25911 0.24995
892.62283 0.25154
891.98746 0.25325
891.35219 0.25514
890.71862 0.25702
890.08596 0.25887
889.4534 0.26072
888.82252 0.26279
888.19255 0.26509
887.56267 0.2674
886.93448 0.2695
886.30717 0.27161
885.67997 0.27292
885.05444 0.27351
884.42979 0.27414
883.80524 0.27636
883.18235 0.27858
882.56034 0.28067
881.93843 0.28265
881.31817 0.28464
880.69878 0.28733
880.07949 0.29003
879.46184 0.29221
878.84506 0.29384
878.22914 0.29547
877.61331 0.29639
876.99912 0.29728
876.38579 0.29864
875.77254 0.30066
875.16092 0.30268
874.55015 0.30402
873.93947 0.30525
873.33041 0.30628
872.7222 0.30684
872.11407 0.3074
871.50754 0.30897
870.90186 0.31088
870.29627 0.31283
869.69227 0.31493
869.08911 0.31704
868.48603 0.31926
867.88454 0.32156
867.28388 0.32386
866.68331 0.3253
866.08431 0.32674
865.48614 0.32773
864.8888 0.32802
864.29154 0.3283
863.69584 0.32957
863.10097 0.33113
862.50617 0.33272
861.91293 0.33446
861.32051 0.3362
860.72816 0.33758
860.13736 0.33863
859.54738 0.33968
858.95747 0.34106
858.3691 0.34248
857.78154 0.34389
857.19404 0.34523
856.60809 0.34657
856.02293 0.34747
855.43785 0.34801
854.85429 0.34856
854.27153 0.34932
853.68883 0.35011
853.10766 0.35109
852.52727 0.35278
851.94695 0.35447
851.36815 0.35614
850.79013 0.35778
850.21289 0.35942
849.63572 0.3599
849.06005 0.36014
848.48516 0.36045
847.91033 0.36129
847.33699 0.36213
846.76443 0.36311
846.19192 0.36429
845.62091 0.36546
845.05067 0.36634
844.48048 0.36706
843.91177 0.36779
843.34382 0.3683
842.77594 0.3688
842.20952 0.36939
841.64387 0.37042
841.07826 0.37144
840.51413 0.37243
839.95075 0.37337
839.38742 0.37431
838.82554 0.37477
838.26442 0.37496
837.70405 0.37515
837.14373 0.37578
836.58486 0.37648
836.02673 0.37723
835.46865 0.37853
834.91201 0.37983
834.35611 0.38104
833.80026 0.38202
833.24584 0.383
832.69216 0.38379
832.13852 0.38434
831.58631 0.38488
831.03483 0.38548
830.48339 0.38609
829.93337 0.38671
829.38408 0.38688
828.83483 0.38694
828.28699 0.38699
827.73988 0.38745
827.19281 0.38792
826.64714 0.38841
826.10219 0.3891
825.55727 0.38978
825.01376 0.39033
824.47096 0.39044
823.92887 0.39054
823.38682 0.39058
822.84616 0.39052
822.30621 0.39046
821.76629 0.39078
821.22775 0.39154
820.68992 0.3923
820.15212 0.3931
819.6157 0.39393
819.07998 0.39476
818.54428 0.39495
818.00996 0.3948
817.47634 0.39465
816.94274 0.3952
816.4105 0.396
815.87896 0.39679
815.34745 0.39669
814.81729 0.39638
814.28782 0.39606
813.75838 0.39584
813.23028 0.39564
812.70287 0.39543
812.17549 0.39595
811.64944 0.39654
811.12408 0.39713
810.5994 0.39772
810.07474 0.3983
809.55141 0.39889
809.02876 0.39949
808.50613 0.40011
807.98483 0.40072
807.4642 0.40004
806.94359 0.39933
806.4243 0.39863
805.90568 0.39857
805.38707 0.39852
804.86978 0.39848
804.35316 0.39815
803.83655 0.39781
803.32125 0.39747
802.80661 0.39747
802.29199 0.3975
801.77867 0.39752
801.266 0.39788
800.75335 0.39828
800.24199 0.39868
799.73129 0.39842
799.22124 0.39806
798.7112 0.39769
798.20245 0.39732
797.69434 0.39696
797.18625 0.39659
796.67944 0.39658
796.17327 0.3967
795.66712 0.39682
795.16223 0.3968
794.65799 0.39671
794.15376 0.39663
793.65079 0.39611
793.14847 0.39525
792.64615 0.39439
792.14509 0.39371
791.64467 0.39326
791.14425 0.39281
790.64509 0.39244
790.14656 0.39225
789.64803 0.39206
789.15076 0.39196
788.65411 0.39222
788.15746 0.39248
787.66206 0.39273
787.16728 0.39272
786.67313 0.39271
786.17897 0.3927
785.68606 0.3918
785.19376 0.39079
784.70146 0.38977
784.21039 0.38916
783.71994 0.38869
783.22949 0.38823
782.74026 0.388
782.25165 0.38797
781.76303 0.38794
781.27564 0.3875
780.78885 0.38628
780.30205 0.38507
779.81648 0.38397
779.33151 0.3837
778.84653 0.38342
778.36276 0.38315
777.87959 0.38255
777.39642 0.38192
776.91445 0.38129
776.43308 0.38095
775.95231 0.38075
775.47153 0.38055
774.99194 0.38022
774.51295 0.37973
774.03395 0.37924
773.55614 0.37879
773.07892 0.37848
772.60169 0.37818
772.12565 0.37788
771.65019 0.37702
771.17472 0.3761
770.70044 0.37518
770.22673 0.37474
769.75302 0.37458
769.28048 0.37443
768.80852 0.37426
768.33654 0.37408
767.86574 0.3739
767.39551 0.37371
766.92527 0.37247
766.4562 0.37124
765.9877 0.37001
765.51918 0.36903
765.05182 0.36818
764.58503 0.36733
764.11881 0.36624
763.65258 0.36468
763.1875 0.36312
762.72298 0.36156
762.25845 0.36136
761.79506 0.36118
761.33224 0.36101
760.8694 0.36064
760.4077 0.36015
759.94656 0.35966
759.4854 0.35917
759.02538 0.35867
758.56592 0.35818
758.10643 0.35769
757.64808 0.35692
757.19028 0.3561
756.73246 0.35528
756.27577 0.35453
755.81962 0.35387
755.36346 0.35321
754.90841 0.35255
754.45392 0.35172
753.9994 0.35088
753.546 0.35005
753.09314 0.34924
752.64083 0.34844
752.18849 0.34765
751.73726 0.34686
751.28658 0.34609
750.83587 0.34532
750.38626 0.34455
749.93719 0.34381
749.4881 0.34307
749.04011 0.34234
748.59265 0.3416
748.14516 0.34087
747.69877 0.34013
747.25291 0.3394
746.80703 0.33864
746.36223 0.33787
745.91796 0.33709
745.47367 0.33629
745.03046 0.33532
744.58778 0.33435
744.14507 0.33338
743.70343 0.33227
743.26233 0.33108
742.82174 0.32989
742.38113 0.32873
741.94159 0.32781
741.50257 0.3269
741.06352 0.32598
740.62553 0.32507
740.18807 0.32415
739.75057 0.32323
739.31414 0.32231
738.87822 0.32144
738.44227 0.32056
738.00738 0.31968
737.573 0.31887
737.13859 0.31815
736.70523 0.31743
736.27239 0.3167
735.8395 0.31595
735.40767 0.31518
734.97635 0.31442
734.54499 0.31365
734.11468 0.3129
733.68487 0.31214
733.25502 0.31138
732.82622 0.31067
732.39791 0.30999
731.97011 0.30931
731.54227 0.30863
731.11547 0.3077
730.68916 0.30675
730.26282 0.30579
729.83751 0.30484
729.41269 0.30389
728.98784 0.30294
728.56401 0.30199
728.14067 0.30103
727.7173 0.30008
727.29494 0.29912
726.87308 0.29816
726.45118 0.29706
726.03029 0.29593
725.60989 0.29481
725.18946 0.29369
724.77003 0.29261
724.35109 0.29154
723.93211 0.29046
723.51414 0.28941
723.09665 0.2884
722.67964 0.28739
722.26259 0.28638
721.84654 0.28538
721.43097 0.28438
721.01536 0.28338
720.60075 0.28239
720.18661 0.2814
719.77244 0.28042
719.35925 0.27944
718.94654 0.27846
718.53379 0.27747
718.12202 0.27648
717.71073 0.2755
717.2994 0.27449
716.88905 0.27343
716.47916 0.27238
716.06924 0.27133
715.66029 0.2703
715.25182 0.26929
714.84329 0.26828
714.43575 0.26726
714.02866 0.26633
713.62154 0.26543
713.21538 0.26453
712.80969 0.26362
712.40446 0.26264
711.99918 0.26166
711.59487 0.26067
711.19102 0.25968
710.78712 0.25872
710.38418 0.25776
709.9817 0.2568
709.57918 0.25576
709.17761 0.25439
708.7765 0.25302
708.37533 0.25165
707.97513 0.25039
707.57537 0.2494
707.17557 0.24841
706.77672 0.24742
706.37831 0.24657
705.97986 0.24594
705.58236 0.24531
705.1853 0.24468
704.78819 0.24399
704.39203 0.24323
703.99631 0.24247
703.60054 0.24171
703.2057 0.24098
702.81132 0.24028
702.41737 0.23959
702.02337 0.23889
701.63031 0.23802
701.23768 0.237
700.84501 0.23598
700.45326 0.23496
700.06196 0.23403
699.6706 0.23316
699.28016 0.23228
698.89016 0.23141
698.50011 0.2308
698.11098 0.23038
697.72229 0.22996
697.33354 0.22954
696.94571 0.22882
696.55831 0.22789
696.17085 0.22695
695.78431 0.22601
695.3982 0.22499
695.01204 0.2239
694.62678 0.22281
694.24196 0.22172
693.85756 0.22065
693.4731 0.2196
693.08955 0.21855
692.70642 0.21751
692.32324 0.21646
691.94096 0.21543
691.55911 0.2144
691.17719 0.21336
690.79618 0.21246
690.41558 0.2118
690.03493 0.21114
689.65517 0.21048
689.27583 0.20976
688.89644 0.20884
688.51793 0.20792
688.13984 0.207
687.76169 0.2061
687.38443 0.20544
687.00759 0.20477
686.63068 0.2041
686.25466 0.20344
685.87905 0.20305
685.50339 0.20268
685.1286 0.2023
684.75422 0.20192
684.38025 0.2013
684.00622 0.20062
683.63307 0.19994
683.26033 0.19926
682.88752 0.19856
682.51559 0.19785
682.14406 0.19713
681.77247 0.19642
681.40175 0.19568
681.03144 0.19491
680.66106 0.19415
680.29155 0.19339
679.92243 0.19264
679.55326 0.19194
679.18495 0.19125
678.81704 0.19056
678.44907 0.18987
678.08195 0.18928
677.71523 0.18869
677.34845 0.18811
676.98253 0.18752
676.617 0.18668
676.25186 0.18574
675.88666 0.1848
675.52231 0.18385
675.15836 0.18312
674.79434 0.18265
674.43117 0.18218
674.06839 0.18171
673.70554 0.18133
673.34354 0.18145
672.98193 0.18158
672.62025 0.1817
672.25942 0.18182
671.89897 0.18113
671.53845 0.18027
671.17878 0.17941
670.81949 0.17855
670.46013 0.17772
670.10161 0.17691
669.74347 0.1761
669.38526 0.17529
669.02789 0.17448
668.6709 0.17371
668.31384 0.17294
667.95761 0.17217
667.60175 0.17139
667.24628 0.17065
666.89074 0.16991
666.53603 0.16917
666.18169 0.16843
665.82728 0.16764
665.47369 0.16676
665.12048 0.16588
664.76721 0.165
664.41474 0.16412
664.06266 0.16276
663.7105 0.16137
663.35916 0.15999
663.00819 0.1586
662.65715 0.15722
662.30692 0.15586
661.95706 0.15449
661.60714 0.15312
661.25802 0.15179
660.90927 0.15111
660.56045 0.15044
660.21243 0.14977
659.86478 0.1491
659.51706 0.14835
659.17014 0.14754
658.82359 0.14673
658.4774 0.14592
658.13114 0.14513
657.78568 0.1446
657.44058 0.14406
657.09541 0.14353
656.75104 0.143
656.40702 0.14249
656.06294 0.142
655.71965 0.14151
655.37671 0.14102
655.0337 0.14053
654.69149 0.14005
654.34963 0.13956
654.00769 0.13907
653.66655 0.13858
653.32575 0.13807
652.98489 0.13753
652.64481 0.13699
652.30508 0.13645
651.96528 0.13591
651.62626 0.13536
651.2876 0.1348
650.94928 0.13424
650.61089 0.13368
650.27328 0.13316
649.93601 0.13278
649.59868 0.1324
649.26211 0.13202
648.9259 0.13164
648.58961 0.1313
648.25409 0.13101
647.91892 0.13071
647.58367 0.13041
647.24919 0.13011
646.91506 0.1295
646.58085 0.12887
646.2474 0.12823
645.9143 0.1276
645.58113 0.12704
645.24871 0.12668
644.91664 0.12633
644.58449 0.12597
644.2531 0.12561
643.92205 0.1251
643.59093 0.12447
643.26056 0.12384
642.93053 0.12321
642.60084 0.12258
642.27107 0.12195
641.94205 0.12131
641.61338 0.12068
641.28462 0.12005
640.95661 0.11943
640.62894 0.11884
640.3012 0.11826
639.9742 0.11767
639.64753 0.11709
639.32079 0.11649
638.99478 0.11587
638.66912 0.11526
638.34337 0.11464
638.01837 0.11402
637.69369 0.11357
637.36894 0.11329
637.04493 0.113
636.72124 0.11271
636.39748 0.11242
636.07445 0.1121
635.75175 0.11177
635.42938 0.11143
635.10693 0.1111
634.78521 0.11076
634.46382 0.1103
634.14235 0.10981
633.82161 0.10933
633.50119 0.10884
633.18069 0.10836
632.86092 0.10798
632.54148 0.10761
632.22195 0.10723
631.90315 0.10685
631.58466 0.1065
631.26611 0.10629
630.94826 0.10609
630.63074 0.10588
630.31315 0.10568
629.99626 0.10547
629.6797 0.10526
629.36306 0.10506
629.04713 0.10485
628.73152 0.10464
628.41583 0.1044
628.10086 0.10405
627.78619 0.1037
627.47185 0.10335
627.15742 0.103
626.8437 0.10254
626.5303 0.10181
626.21682 0.10108
625.90404 0.10035
625.59158 0.09963
625.27903 0.09875
624.96719 0.09756
624.65566 0.09637
624.34405 0.09519
624.03314 0.094
623.72254 0.09292
623.41186 0.0921
623.10188 0.09128
622.7922 0.09046
622.48245 0.08964
622.17339 0.08893
621.86464 0.0885
621.5558 0.08807
621.24766 0.08764
620.93983 0.08722
620.63192 0.08677
620.32469 0.08624
620.01777 0.08571
619.71115 0.08518
619.40446 0.08465
619.09844 0.08412
618.79274 0.08354
618.48695 0.08297
618.18184 0.08239
617.87704 0.08182
617.57215 0.08124
617.26795 0.08036
616.96404 0.07948
616.66006 0.07859
616.35675 0.07771
616.05374 0.07683
615.75066 0.07654
615.44824 0.07634
615.14613 0.07614
614.84393 0.07594
614.54241 0.07575
614.24118 0.07602
613.93987 0.07649
613.63924 0.07695
613.33889 0.07742
613.03885 0.07789
612.73872 0.0781
612.43925 0.07807
612.14008 0.07803
611.84083 0.078
611.54225 0.07797
611.24395 0.07791
610.94558 0.07781
610.64787 0.07771
610.35044 0.0776
610.05294 0.0775
609.7561 0.07739
609.45954 0.0772
609.16291 0.07701
608.86693 0.07682
608.57124 0.07663
608.27547 0.07644
607.98035 0.07636
607.68552 0.07631
607.39061 0.07625
607.09635 0.07619
606.80238 0.07614
606.50832 0.07619
606.21492 0.07636
605.92179 0.07652
605.62896 0.07669
605.33604 0.07685
605.04377 0.07693
604.75178 0.07657
604.4597 0.0762
604.16828 0.07584
603.87713 0.07547
603.5859 0.07511
603.29532 0.07487
603.00502 0.07466
602.71463 0.07445
602.42488 0.07424
602.13541 0.07403
601.84586 0.07387
601.55695 0.07378
601.26832 0.07369
600.9796 0.07359
600.69152 0.0735
600.40371 0.0734
600.11582 0.07305
599.82857 0.0727
599.54159 0.07234
599.25489 0.07199
598.9681 0.07163
598.68194 0.07137
598.39606 0.07116
598.11009 0.07096
597.82475 0.07075
597.53969 0.07055
597.25454 0.07033
596.97002 0.07
596.68577 0.06968
596.40143 0.06935
596.11772 0.06903
595.83428 0.0687
595.55076 0.06842
595.26786 0.06816
594.98523 0.06791
594.70251 0.06766
594.42041 0.0674
594.13859 0.06716
593.85667 0.067
593.57538 0.06685
593.29435 0.0667
593.01324 0.06654
592.73274 0.06639
592.45251 0.06615
592.17254 0.06584
591.89249 0.06552
591.61306 0.06521
591.33388 0.06489
591.05462 0.06458
590.77598 0.06434
590.49759 0.0641
590.21912 0.06386
589.94127 0.06362
589.66367 0.06339
589.38598 0.06318
589.10891 0.06304
588.83209 0.06289
588.55519 0.06275
588.2789 0.0626
588.00286 0.06246
587.72674 0.06217
587.45122 0.06182
587.17596 0.06148
586.90061 0.06113
586.62587 0.06078
586.35138 0.06045
586.07681 0.06039
585.80283 0.06033
585.52912 0.06027
585.25565 0.06021
584.98211 0.06016
584.70915 0.06007
584.43646 0.05992
584.16367 0.05977
583.89148 0.05963
583.61955 0.05948
583.34753 0.05933
583.0761 0.05915
582.80492 0.05894
582.53366 0.05873
582.26299 0.05852
581.99257 0.05831
581.72206 0.0581
581.45214 0.05781
581.18247 0.05751
580.91272 0.05721
580.64355 0.0569
580.37463 0.0566
580.10563 0.0563
579.8372 0.05593
579.56903 0.05557
579.30111 0.05521
579.0331 0.05484
578.76567 0.05448
578.49848 0.05411
578.23121 0.05373
577.96452 0.05334
577.69808 0.05295
577.43155 0.05257
577.1656 0.05218
576.89989 0.05181
576.63409 0.05146
576.36888 0.05112
576.1039 0.05077
575.83884 0.05042
575.57435 0.05008
575.31011 0.04974
575.04577 0.04941
574.78201 0.04908
574.5185 0.04876
574.25489 0.04843
573.99186 0.0481
573.72906 0.04797
573.46618 0.04798
573.20387 0.048
572.94179 0.04802
572.67996 0.04804
572.41804 0.04806
572.15668 0.04801
571.89557 0.04793
571.63436 0.04785
571.37372 0.04777
571.11332 0.04769
570.85283 0.0476
570.5929 0.04749
570.33321 0.04734
570.07343 0.0472
569.81421 0.04706
569.55522 0.04692
569.29615 0.04678
569.03764 0.0467
568.77936 0.04666
568.52099 0.04662
568.26318 0.04657
568.00561 0.04653
567.74794 0.04649
567.49083 0.04644
567.23396 0.04637
566.97731 0.0463
566.72058 0.04624
566.4644 0.04617
566.20845 0.0461
565.95242 0.0461
565.69693 0.04617
565.44167 0.04624
565.18633 0.04631
564.93154 0.04638
564.67697 0.04645
564.42232 0.04647
564.16821 0.04638
563.91433 0.04629
563.66037 0.0462
563.40694 0.0461
563.15375 0.04601
562.90047 0.04585
562.64773 0.04543
562.39522 0.045
562.14262 0.04457
561.89056 0.04415
561.63873 0.04372
561.38681 0.04329
561.13542 0.04294
560.88427 0.04258
560.63334 0.04223
560.38232 0.04187
560.13183 0.04152
559.88157 0.04116
559.63123 0.041
559.38141 0.04088
559.13182 0.04077
558.88215 0.04065
558.633 0.04053
558.38408 0.04042
558.13507 0.04031
557.88659 0.0402
557.63833 0.0401
557.38999 0.03999
557.14217 0.03989
556.89458 0.03978
556.64689 0.03971
556.39974 0.03971
556.1528 0.03972
555.90578 0.03972
555.65928 0.03973
555.413 0.03974
555.16663 0.03974
554.92079 0.03976
554.67516 0.03977
554.42976 0.03979
554.18426 0.0398
553.93928 0.03982
553.69453 0.03984
553.44968 0.03975
553.20535 0.03959
552.96125 0.03944
552.71705 0.03928
552.47337 0.03912
552.2299 0.03896
551.98635 0.03883
551.74332 0.03882
551.50049 0.03881
551.25758 0.03881
551.01519 0.0388
550.77301 0.03879
550.53074 0.03878
550.28898 0.03879
550.04744 0.0388
549.80581 0.03882
549.56469 0.03883
549.32378 0.03885
549.08309 0.03886
548.8423 0.03886
548.60202 0.03881
548.36196 0.03876
548.12181 0.03872
547.88216 0.03867
547.64273 0.03862
547.4032 0.03858
547.16418 0.03857
546.92538 0.03857
546.68648 0.03856
546.44809 0.03856
546.2099 0.03856
545.97163 0.03856
545.73386 0.03852
545.4963 0.03832
545.25865 0.03812
545.0215 0.03792
544.78456 0.03772
544.54753 0.03753
544.311 0.03733
544.07467 0.03714
543.83826 0.03696
543.60234 0.03678
543.36663 0.03659
543.13113 0.03641
542.89553 0.03623
542.66044 0.03605
542.42554 0.03589
542.19056 0.03573
541.95607 0.03557
541.72179 0.03541
541.48741 0.03525
541.25353 0.03509
541.01985 0.03491
540.78609 0.03471
540.55281 0.0345
540.31974 0.0343
540.08658 0.03409
539.8539 0.03389
539.62143 0.03368
539.38887 0.03363
539.1568 0.03367
538.92493 0.03371
538.69297 0.03374
538.4615 0.03378
538.23022 0.03381
537.99915 0.03385
537.76798 0.03359
537.53731 0.0333
537.30682 0.03302
537.07625 0.03273
536.84617 0.03245
536.61628 0.03216
536.3863 0.03186
536.15681 0.03142
535.92751 0.03098
535.69812 0.03055
535.46921 0.03011
535.2405 0.02967
535.0117 0.02924
534.78338 0.02883
534.55526 0.02848
534.32704 0.02814
534.0993 0.02779
533.87176 0.02744
533.64413 0.02709
533.41697 0.02674
533.19001 0.02658
532.96296 0.02662
532.73638 0.02666
532.51 0.0267
532.28381 0.02674
532.05753 0.02678
531.83172 0.02682
531.60611 0.02703
531.3804 0.02735
531.15517 0.02767
530.93013 0.028
530.705 0.02832
530.48034 0.02864
530.25587 0.02897
530.03131 0.02905
529.80722 0.02901
529.58332 0.02897
529.35933 0.02893
529.1358 0.02888
528.91247 0.02884
528.68905 0.0288
528.46609 0.02873
528.24332 0.02864
528.02046 0.02856
527.79807 0.02847
527.57586 0.02838
527.35357 0.0283
527.13173 0.02821
526.91009 0.02812
526.68863 0.02803
526.46708 0.02795
526.24599 0.02786
526.02509 0.02777
525.8041 0.02768
525.58357 0.0276
525.36322 0.0275
525.14279 0.0274
524.92281 0.0273
524.70302 0.02721
524.48313 0.02711
524.26371 0.02701
524.04447 0.02691
523.82514 0.02682
523.60626 0.02673
523.38757 0.02664
523.16879 0.02656
522.95047 0.02647
522.73232 0.02638
522.51409 0.0263
522.29631 0.0262
522.07871 0.02611
521.86129 0.02601
521.64378 0.02591
521.42673 0.02581
521.20985 0.02571
520.99289 0.02561
520.77637 0.02551
520.56004 0.02542
520.34361 0.02534
520.12764 0.02525
519.91184 0.02516
519.69596 0.02508
519.48052 0.02499
519.26526 0.0249
519.04991 0.0248
518.83501 0.0247
518.62028 0.02461
518.40547 0.02451
518.1911 0.02441
517.97691 0.02431
517.76262 0.02421
517.54879 0.02412
517.33512 0.02403
517.12137 0.02394
516.90806 0.02385
516.69493 0.02376
516.48197 0.02368
516.26892 0.02359
516.05632 0.0235
515.84389 0.0234
515.63136 0.0233
515.41928 0.0232
515.20738 0.0231
514.99538 0.023
514.78382 0.0229
514.57243 0.0228
514.36096 0.0227
514.14992 0.0226
513.93906 0.0225
513.7281 0.0224
513.51758 0.02229
513.30723 0.02219
513.0968 0.02209
512.88679 0.02178
512.67696 0.02133
512.46704 0.02089
512.25755 0.02044
512.04824 0.01999
511.83909 0.01954
511.62986 0.01909
511.42106 0.01866
511.21242 0.01832
511.0037 0.01797
510.79541 0.01763
510.58728 0.01729
510.37907 0.01695
510.17128 0.01661
509.96367 0.01626
509.75596 0.01591
509.54869 0.01556
509.34158 0.0152
509.13438 0.01485
508.92761 0.0145
508.721 0.01414
508.51431 0.01379
508.30804 0.01341
508.10194 0.01289
507.89575 0.01236
507.68998 0.01184
507.48438 0.01132
507.27869 0.01079
507.07342 0.01027
506.86832 0.00974
506.66338 0.00929
506.45836 0.0089
506.25375 0.00851
506.04931 0.00813
505.84478 0.00774
505.64067 0.00735
505.43673 0.00696
505.2327 0.00657
505.02908 0.00644
504.82563 0.00634
504.62209 0.00625
504.41896 0.00615
504.216 0.00605
504.01295 0.00595
503.81032 0.00585
503.60785 0.00576
503.40529 0.00566
503.20314 0.00557
503.00116 0.00547
502.79908 0.00538
502.59742 0.00528
502.39593 0.00518
502.19434 0.00509
501.99316 0.00503
501.79215 0.005
501.5913 0.00497
501.39036 0.00494
501.18982 0.00491
500.98945 0.00488
500.78899 0.00486
500.58894 0.00483
500.38905 0.0048
500.18907 0.00477
